5.35874
-2.11754
-1.49319
-0.632213
-1.47649
1.56685
-1.2783
4.48775
-2.40337
-1.85225
1.1291
2.12223
-1.78715
1.14884
1.82536
1.99898
0.426774
-1.81571
2.08589
-1.60315
0.95086
-3.33623
5.70356
-2.11362
-1.57516
2.24941
-0.945696
0.308393
-0.753187
-1.23323
0.425834
1.305
0.963185
-2.63196
-4.13367
-0.50566
0.378099
0.91771
0.325035
-0.454841
0.556165
-0.59378
-0.601702
-0.576002
2.02784
0.108483
-0.305321
1.17044
2.77244
-6.39718
4.41304
1.80931
-4.60692
1.04462
1.09436
2.63879
-0.898809
-0.986092
-2.09304
0.828402
0.161967
2.91913
-6.02574
-1.62888
0.986818
1.4811
-1.64179
-1.88554
-0.432393
1.24321
-1.28215
-0.256185
-2.24979
-1.09556
3.19219
-0.476879
2.89705
0.578035
-1.08012
2.1736
-1.73452
3.07491
-1.61011
-1.01929
1.17535
1.45068
1.74986
3.57221
1.06494
-0.769908
-0.933975
-0.197889
0.659003
-0.0583345
-2.66763
0.989455
-1.49571
-0.62935
-1.81552
-1.40722
0.410136
-0.167811
0.701374
-2.1487
-1.45015
-3.70587
0.276665
3.37877
-1.30992
-0.844355
0.426743
2.2517
-4.31503
0.746211
-1.6464
-2.93221
1.64112
-2.74817
-1.02268
-0.901753
1.67818
-2.3059
-0.645485
-1.04401
-0.521853
-0.383962
0.756593
2.9375
-0.859773
-1.07952
0.788034
-1.16826
1.28887
0.850801
1.79141
-1.39047
-3.02575
2.25891
-1.02594
-1.08679
-2.23364
-0.781015
2.96623
-0.0683268
-2.21537
-4.00788
-1.1742
-3.52804
4.10467
-1.4677
0.614828
-4.61872
0.503646
-2.68968
1.89281
-0.41844
-1.95873
0.642576
0.159478
2.42011
-0.933195
-2.62802
-2.45961
0.839965
-1.96264
-1.69529
-3.53285
-0.932573
0.43362
1.40016
-0.0800233
-0.563607
0.222127
2.45421
0.393729
1.37373
3.89204
-1.07895
-0.0715103
-0.627353
-0.195651
-2.18843
2.63755
3.05599
-1.96465
-2.3344
-2.41234
3.10684
-2.06674
3.6723
-3.73465
-3.1609
0.128544
-3.3152
0.740132
0
1.05947
-1.05232
4.39256
-3.02273
-3.58956
0.491202
2.79596
-2.32169
-0.297835
-1.68865
1.27611
1.15751
-3.38922
0.152328
0.824396
3.14443
-0.611302
-0.0436078
-0.554273
-2.50036
0.764749
2.88581
-1.04817
-0.767993
-0.233311
-1.55951
1.95346
-2.87335
1.41082
-1.95229
-1.38077
2.35226
1.0477
0.269267
-2.85039
7.56451
-0.833455
-2.3708
0.759346
1.00656
-0.837666
7.94071
0.699717
1.19109
2.08453
-2.68225
1.1176
5.89602
2.94227
1.27868
1.6197
-2.85023
-0.346812
3.53443
-3.40258
2.33645
-1.31195
2.12061
-0.883986
-0.404946
-1.80533
1.0895
-1.87317
0.226393
-0.307993
-1.22131
1.56716
0.873686
-2.45098
-0.379784
1.38435
0.229968
-4.39032
1.03256
-1.05413
0.399789
0.530906
-3.98002
0.281894
-0.0298552
0.947011
0.5136
4.159
-1.35668
-1.67137
-2.14847
0.871656
0.293449
1.87934
-1.76605
-0.903107
1.81512
1.11954
1.04423
-2.73312
1.24953
0.378142
1.86665
-3.41145
0.311273
-1.38116
3.19431
2.66022
2.19512
-1.46678
0.564007
0.433131
-0.979621
0.787
1.47189
0.117045
-2.07669
0.737271
1.10072
1.74059
-2.18725
1.9987
-0.752842
-4.07792
-2.66911
-1.41658
0.799942
-1.35485
-0.92049
-0.469918
-2.76071
-1.21403
-1.62452
6.31579
-1.01855
0.200602
-1.70728
4.07552
-0.459869
-1.62295
-3.07948
-4.79194
-1.18749
-1.50108
1.72451
2.77289
3.68036
-0.760428
-2.97289
-3.54001
2.88483
0.829212
0.292355
-3.55717
-3.09202
-3.97318
-2.00189
0.324886
0.0966615
0.758646
-1.20738
-0.0739262
2.96864
3.12928
1.43115
-1.13147
0.108861
1.7107
-3.07518
1.90563
-5.05486
1.09443
-2.17047
-2.02623
2.11137
-2.70892
-2.38852
1.88626
-0.346327
-4.17263
1.97527
-1.21467
-0.231585
0.14861
0.297733
3.35078
5.15818
-1.28096
-2.34425
4.13142
-2.5293
1.55858
1.29575
-2.10426
1.34397
-1.82852
-2.81142
-1.12429
4.78327
-0.365236
0.56638
-0.195577
-3.38299
-0.665302
1.77051
-3.8713
2.64799
0.297468
-1.11389
3.10264
-2.30539
1.36445
-2.23826
-0.745222
2.39044
0.888343
-1.00484
-2.83242
0.36944
0.371973
1.06987
0.155914
-1.66932
2.38868
2.53069
-2.01061
1.21282
-3.6293
1.11484
-0.838939
1.07093
3.20147
-0.565729
0.240911
-0.530099
4.14892
-2.74518
-1.15839
-1.18935
-1.56681
-1.08466
-3.10857
-0.6526
-0.663684
-2.80816
-4.67748
-4.21013
2.4451
1.49759
-3.85621
2.76967
-2.08527
-0.89346
-1.25471
-1.09091
1.79359
-1.06117
-0.382016
0.658092
-1.78651
-3.66523
0.554138
1.57617
-1.51718
2.86514
2.08913
1.18597
1.88357
4.14508
-2.6094
-1.21342
-0.336927
-1.31065
4.87302
-2.82127
0.448464
0.679067
1.17511
0.713427
0.956797
1.72684
-1.85037
-1.92813
2.12614
-2.72649
-0.0640023
-0.395627
-3.66788
0.930132
-2.07111
-1.04076
-4.43745
-1.84245
0.283306
2.87749
-1.00438
2.75269
1.89249
-3.50422
3.52777
-0.72264
-2.97832
0.618587
0.0508241
0.901294
0.244898
-4.09406
3.00242
-3.49159
-0.281324
1.32129
3.45574
1.43743
1.08262
-2.41699
0.870061
0.273406
-4.5059
0.232931
0.0218882
-4.02705
-3.36306
2.39238
-4.22919
0.160455
1.3861
3.03514
-2.21607
-3.61402
-1.17208
1.00037
-1.42714
-3.53936
2.02673
0.477906
2.77697
-1.75781
-4.2906
0.634328
-0.766953
-0.673924
0.606681
0.564723
1.42657
-1.52783
-2.12842
1.58017
-1.53623
0.0963177
0.897257
-0.291971
-1.96208
-1.99488
1.92518
-0.180059
2.51285
4.21695
0.641673
-2.45987
-0.544267
-1.93983
-2.82153
3.3048
3.55673
0.853741
1.52975
-0.209704
2.07197
3.16797
-2.39425
3.75597
3.33061
1.52091
-0.0513912
-2.20793
3.01214
0.589623
0.694595
-3.3217
3.50276
1.9733
-1.69186
-4.4446
-1.366
2.5966
-1.3907
0.972202
3.03118
0.551909
0.451369
-1.98998
-1.44324
5.45663
3.14179
1.75849
3.61393
-2.05505
-5.08275
-0.301559
-4.33852
-0.57412
-0.0729288
-0.906435
1.02538
4.72298
-2.2054
0.736607
2.76235
1.97576
1.46289
-0.524878
0.601101
2.40562
-0.977292
-0.911656
-0.528449
-5.25973
-1.28465
-3.00296
3.72096
-1.56401
1.61661
-0.357638
-1.02893
1.01189
-0.777034
-2.63035
0.600325
0.929714
0.359524
0.933137
1.42891
1.60193
3.0398
-1.82754
-0.758808
0.599371
0.306199
-2.28243
4.37993
0.247255
-0.448658
-0.45173
-4.97126
-1.20383
0.0584411
-1.08719
5.50486
0.428709
-3.66212
2.46035
2.12814
-0.194119
-0.109077
-0.0948006
0.772954
-4.58696
1.73573
-1.42708
-1.73018
-0.955485
4.30169
2.15796
3.86881
-1.07153
-1.78807
3.51229
2.4832
3.05218
1.45011
-3.87115
-0.344927
-2.07239
-0.743946
3.61463
3.33844
-1.68269
-0.434034
1.08464
2.49008
-1.29889
-0.533073
1.52452
-0.450704
0.904198
3.42416
1.09913
1.98418
4.06661
0.123681
-1.26509
0.17032
-0.159536
-2.19126
-3.32231
-3.08476
-3.65032
2.22876
-0.483623
-0.938696
-1.58344
-2.0052
-0.389948
1.11135
-2.59415
3.09423
-0.251022
2.36643
0.323183
-0.502847
0.499633
0.293346
-3.22873
0.74242
1.42405
2.52691
-2.96956
1.0397
-0.701425
2.15624
-1.23892
1.80291
-1.00181
-3.89046
-0.544799
-1.3211
-2.89274
0.106822
-4.10999
3.76632
0.197691
2.56805
3.82091
-0.359527
-0.37412
-1.09805
-1.23858
2.71286
0
-2.93676
-1.45483
-0.916597
-1.17374
2.03919
0.805349
-0.579624
1.25606
0.766117
-1.92533
-0.23625
-3.75951
-3.44675
0.180012
2.91096
-2.37258
-1.16883
-3.5583
2.98929
0.52356
2.42487
-1.65387
-0.0580131
-2.39499
-0.582124
3.25142
0.932916
-1.4477
0.83742
-2.58696
2.56102
2.50198
3.80058
-0.365075
2.83877
-1.80361
-0.54698
-1.45146
0.798418
0.520946
-0.953542
-3.57223
2.03465
-4.66875
-5.4473
0.388669
0.574882
-1.88378
-2.31715
0.728688
-0.634234
-0.264427
2.34192
-0.245682
-2.09659
-0.633511
1.7914
-2.29894
6.54744
-0.196192
4.22898
3.42782
-0.172315
1.51995
0.701395
-1.01157
0.910426
-1.29803
0.459552
-1.88166
0.536673
-2.93679
2.11598
0.470946
-1.04045
1.35688
-1.13459
1.30096
1.57918
-2.53693
1.59664
5.18609
0.388449
-0.722202
-0.0281136
-3.12912
-4.40306
-0.491436
-0.114521
0.691145
0.201642
2.41425
1.01017
-0.172144
-5.28771
2.56928
2.54721
-0.783724
-1.57509
-1.06655
0.794059
0.266821
-0.0360153
0.6623
-0.416636
2.92984
-4.14113
-2.6259
-3.22653
-0.75
3.10196
3.22443
-1.85458
4.39209
0.599321
0.160807
2.50909
1.61683
0.388901
-0.260805
-3.27307
-1.37851
-1.87282
-1.20166
1.03352
1.38431
2.35729
1.93205
-2.82226
0.291821
1.16627
-0.0290655
4.24395
-0.654117
1.55051
0.994434
-1.36434
5.05739
0.764032
1.84262
-2.34638
0.0375206
0.511026
1.24403
1.78337
-3.46128
-2.03511
0.709273
-1.60887
2.6165
3.14022
-0.270887
-4.7034
2.05633
-3.56148
2.7555
-1.40512
-2.82827
-3.13693
1.1547
3.97719
2.08975
1.36307
-4.49602
-1.69454
1.89085
1.21175
-3.24094
1.74251
1.4388
-0.134068
1.52369
5.97384
1.09153
1.97983
3.38319
-0.142954
-2.18118
1.36074
2.33944
2.39617
1.55318
-0.528794
-3.10393
3.77414
-0.0870259
-2.79112
-0.0213767
1.92197
2.21152
-0.30256
-1.87604
2.15457
-1.06174
-0.751936
1.9676
0
-1.08263
1.29166
-2.34293
-0.105208
2.33741
2.42933
2.85501
0.702319
4.22677
1.71549
-0.842614
-0.06535
-2.19182
-2.23038
-2.71109
-2.64012
4.29389
0.63466
-3.46699
-1.40231
2.33314
6.42634
-1.29042
3.12477
3.60335
0.0288704
-4.78411
-0.72746
0.553938
0.575284
0.498643
0.884374
3.65195
0.233423
0.626305
-0.285653
-2.90124
1.68113
-1.49585
1.00364
2.73913
-3.88917
-0.0650995
-0.578162
-2.71379
-1.08004
0.956586
-3.6215
-1.17726
-2.49473
0.598891
-2.88231
-3.55277
-2.50112
-3.39154
-3.69296
2.33935
0.670591
4.50603
-0.935759
-0.891637
0.363161
3.81485
-0.499358
-2.42012
-1.19099
-1.01584
-4.53325
0.830455
3.32747
3.06425
1.10001
-1.70337
1.30818
0.890819
2.83993
-0.393642
-3.08226
-1.97906
0.285296
3.48321
-4.12911
2.51783
-0.614384
5.21099
-3.60441
3.74798
-0.290915
3.25457
-0.32713
1.24791
-1.36426
2.16869
-0.0976929
-1.94046
-6.82666
-0.497656
-5.8706
-1.5816
1.58391
-1.63374
1.0349
-1.13945
4.47149
2.17391
-2.90833
1.21493
