2.29235
-2.93404
-0.136074
-0.928227
-2.9377
0.809506
0.146972
1.2674
0.811594
-2.15628
0.89092
-5.44146
1.6908
-1.67561
2.21765
-2.70311
1.05973
0.994406
0.475695
0.273162
-1.10521
-3.79949
-6.89323
-2.2159
0.326845
0.736043
-0.726048
-1.19325
-1.94038
1.96222
4.14911
1.02932
1.86539
-3.71435
-1.04736
-3.00294
0.666168
-2.44541
2.89491
1.6397
-4.46011
3.05683
4.52901
-0.611398
1.337
0.00727167
2.62725
2.86292
2.23205
0.782164
0.710227
2.81567
-3.05026
-2.30503
-1.61551
0.786039
0.554017
0.197336
-1.07306
-4.3195
-0.83229
1.56919
0.214133
1.18795
-2.40955
0.123743
-1.75218
0.922697
0.731089
-1.35743
2.14218
-1.30523
-0.894388
-0.947936
-2.42131
2.78066
0.749376
-0.88634
1.7852
1.75453
-1.96228
-0.18742
1.01359
3.59313
-0.478328
-0.0874954
-1.20508
0.41022
0.286407
1.20542
-0.632676
0.369844
0.890723
-0.908558
-1.63453
-0.404624
-2.09082
-1.6792
-1.60945
3.62527
3.12946
0.521024
-0.859556
0.3952
-0.376566
1.97903
-0.224736
1.30822
1.95611
-3.08778
-2.07575
-1.97623
-1.40752
1.24073
3.90329
-1.72978
0.818463
1.21175
4.03903
2.38147
-0.231834
2.17751
2.50749
3.67175
-1.22273
-2.15196
0.923121
0.813503
2.80952
1.09882
1.24341
-0.719372
-1.05613
0.89791
-2.098
-0.476839
3.02653
-0.303187
2.91255
-3.27869
2.30036
1.69388
2.39395
2.54333
-1.53007
1.12595
-0.886001
0.748447
0.900495
-3.38115
0.16021
-1.35846
1.29938
-3.93234
-0.710292
4.12766
0.883904
-1.02131
0.491419
2.15387
-1.64539
-0.931045
-2.38326
-1.52225
0.696561
-0.0220345
1.835
-1.29999
3.06522
-1.62888
-0.734688
0.752046
0.797217
1.46898
-0.332128
1.82514
1.76195
-4.80259
3.99971
-1.54312
-1.33864
-2.86312
-0.957043
3.89563
1.44142
0.160666
1.0568
3.87971
0.152672
-2.48637
-1.53385
2.13437
-2.87802
0.788737
-0.0743108
-3.12016
-0.0528461
-1.01193
-2.86245
-1.51627
0.850128
2.43168
0.152229
-3.97508
0.211293
-2.6641
-1.77656
4.00931
0.278293
-3.74343
2.07683
-2.9921
-1.10769
1.45964
0.895567
2.65168
3.86826
-1.68804
-2.41515
-2.34981
-0.903461
-0.838926
1.51278
0.557817
-0.826754
-0.97405
-0.718989
-5.44486
-0.431413
-0.615006
1.51912
3.48907
-1.84973
-1.74515
-0.826386
-1.12545
3.35042
-0.0221157
3.55843
1.7025
-0.482841
-1.8684
2.55262
-0.635343
0.444801
0.121829
0.204798
0.553506
2.54381
-0.317896
-1.88652
0.527441
-1.76199
0.870378
-2.47586
-3.91837
4.14761
-2.89531
-0.10412
3.20251
-0.183964
0.809566
-0.922266
-5.8998
-0.394775
0.54665
-0.355175
-1.85779
1.27831
0.859722
-1.26022
2.9014
0.149187
-3.62634
-1.86257
2.12633
1.24165
-3.92186
-0.32645
-1.98919
-2.99036
-1.12687
-3.25408
-0.230183
-3.63954
2.41043
-0.771513
-1.28594
0.182043
-0.736953
2.62552
-1.55897
-2.6372
2.24546
-0.905824
-3.47201
-3.23872
-2.57263
-2.34398
-0.411107
-0.958346
4.22482
0.49744
0.0454683
-2.54193
1.43689
-3.9791
2.21097
1.08274
2.36215
0.322882
-2.06726
1.67313
0.512211
-0.412356
-0.0723851
-0.489682
-0.603795
-0.304967
0.917092
4.05997
0.096791
2.13697
2.71093
2.53423
1.5427
0.650382
-2.55188
1.174
-2.23669
-1.69543
-0.221729
1.67498
-3.07271
-1.30337
-0.0437477
1.54406
-0.630011
-1.17279
-2.65889
-1.24135
0.800823
3.08397
2.17986
-3.21791
1.39495
2.45279
0.508232
-2.4632
-3.03654
-0.186275
3.57274
-1.87837
-2.09645
-1.7061
-3.25203
0.563951
-1.67305
-3.47636
-0.205867
0.929324
-1.37763
-2.90376
1.37813
4.52476
-3.66891
0.0312476
-1.88891
-2.00882
0.661505
-1.29928
-0.869499
-0.86542
0.730514
-1.06836
2.97767
-0.453448
-2.77495
-1.551
-4.11151
-3.68928
-0.389048
-1.61887
-0.716978
4.37259
0.147514
1.4453
-0.21045
-0.777073
1.02146
0.522117
3.391
0.990248
0.310728
2.13245
1.27786
0.866667
-2.71069
-1.90329
-2.46977
-2.86903
2.27124
0.368978
-0.314308
-0.758349
-2.27404
-0.679916
0.708532
0.97561
0.308415
2.90602
0.866859
-4.59667
-0.999856
1.51883
2.58181
-2.50896
0.0946694
0.454346
-3.55837
-0.605929
-2.27677
2.33448
-0.487193
-0.0865676
-3.05638
-0.5835
-1.11376
-2.39601
-2.48584
-3.42767
2.27189
0.267658
-4.19046
0.00743439
-1.45144
-1.14592
0.840638
0.0293341
-0.107099
2.29513
0.752785
0.735016
-1.00154
1.55564
1.88262
-3.75772
-1.06909
-2.19317
-0.594943
0.314534
-1.64882
-0.812716
-1.45941
0.471561
-1.06831
-4.63292
0.0517751
-0.828358
0.511201
-3.38631
3.79711
-3.06784
0.244692
-0.370124
-2.55742
-2.01976
-0.523979
-4.14307
-0.678216
2.51989
-1.18892
-3.19194
-2.1548
-4.47992
1.82471
0.634355
0.878992
2.66976
2.74144
-1.89288
-1.45589
-0.504386
-1.70676
-2.81174
-1.92611
0.85933
-1.7203
-2.41511
-1.85707
-0.0424839
-1.88507
2.36118
3.36222
2.73727
2.07886
-0.344951
-1.40978
-2.22778
0.868317
-1.14405
0.423242
3.0278
-2.24743
-0.263008
0.397093
-2.01149
0.6777
0.610325
-2
-1.32652
1.20544
-0.760771
0.538059
1.05631
2.19696
-2.95066
-0.444017
0.564804
1.27094
0.943466
-2.49264
2.99647
0.257258
2.16848
3.09566
3.46945
0.0565771
2.87344
1.35073
3.0746
0.398826
3.27795
-0.0725005
2.62378
-0.647435
-1.90211
-5.96587
-1.7088
2.05667
-0.23519
-0.774669
-1.0582
1.46408
5.45664
-3.72892
0.232086
-4.2701
2.24452
-1.71726
-0.421267
-2.96552
2.69068
-2.05863
-0.413523
1.43208
-2.5019
1.10383
0.544126
-0.0440238
-0.386279
-0.937159
0.240595
2.74411
0.325427
0.782589
1.75203
-1.47422
0.327123
-2.21713
1.01137
-1.45985
-1.77995
3.36905
-3.12322
1.63686
1.671
0.619008
-0.607606
0.861617
-1.49103
-1.22489
0.201309
1.64007
4.04994
2.54801
0.34274
2.28962
2.70534
-0.717266
1.41211
0.0220734
4.46936
-1.90241
3.1822
0.844781
4.66035
3.80791
1.4629
0.800838
2.62216
0.596817
-1.63284
-3.0436
2.21588
-1.26053
0.174719
1.97991
-1.33078
-2.41982
1.8311
0.207854
-5.84674
0.406622
-4.67896
-1.1164
1.12384
4.42439
2.92313
2.47357
-0.999927
-2.50482
0.0733084
1.41611
0.779297
-1.1362
-0.509721
-3.29027
-1.1715
-1.40136
-3.46084
0.878042
4.50329
5.08965
-1.18519
1.33519
-2.64543
-2.39612
0.397117
-1.39566
0.348053
-1.94959
-3.77711
-4.33852
-1.70025
2.38734
-0.7118
1.99742
-2.04756
-0.513622
3.15211
0.525394
0.833848
-1.99605
-1.72165
3.13306
-1.02542
-3.68033
1.59044
-3.24149
0.836084
-2.63642
2.96804
-1.3462
1.22677
-0.979557
0.0730407
-1.45775
0.434411
-2.46787
-1.80452
-4.04567
-2.49173
1.85554
0.52064
1.80482
1.55561
-2.30578
-3.52813
-0.826934
-0.636206
2.35863
-2.18307
-2.01288
-0.0582751
2.29528
-2.19512
-2.2872
-2.83073
-2.14424
-3.11479
1.07754
-2.41359
-1.59869
1.4332
-3.88328
1.67598
4.90009
2.35367
-5.57145
3.99941
2.94691
-0.0601097
0.606548
-2.39757
-2.50617
-3.29277
1.80793
-1.13512
2.32643
0.326434
-0.520202
1.12682
-3.99971
-0.368172
2.16836
1.51897
1.67413
-1.42429
1.2689
0.470139
-1.43548
-0.419929
0.607169
1.72915
-0.150505
3.18401
2.88992
-4.25839
0
-0.308271
0.095504
0.195482
0.299686
0.242184
-0.230638
-4.59459
0.223198
0.40107
1.76415
-0.137489
2.58051
0.665124
-3.73322
-1.61088
-2.46281
1.63646
3.30087
-0.595418
-4.79971
0.771245
0.282957
2.31271
-3.60984
-3.16788
-0.141222
-1.29972
-2.56669
-2.2078
-0.0660939
-0.528945
-1.68807
0.249267
-2.25951
-1.13653
0.77119
1.14299
-3.2735
-1.60585
2.26429
0.651755
-3.61978
3.71812
-1.69784
-1.96436
0.297999
-2.86433
1.17424
2.05997
1.04659
-2.65893
-1.47069
-0.249413
0.747664
-3.4614
-5.48076
-1.70673
1.09597
1.51976
-0.0643639
-2.09294
-0.136035
-4.16578
-0.516289
2.69005
-0.110068
2.72805
0.185572
1.93354
0.998553
-6.74133
3.65493
1.46566
0.31641
0.576539
3.83306
-0.726253
0.896927
0.0731154
-1.7287
0.709692
3.34175
-1.84647
2.07833
0.764032
-3.00592
2.66551
3.18651
1.5819
0.681319
-1.70984
1.93724
3.15109
-3.55197
-1.31404
0.57688
1.91937
-1.84818
-0.610155
5.07891
2.77285
-2.41805
-0.658454
0.31348
-0.450741
-2.23918
-1.33403
1.59765
-2.31304
-1.08478
0.412954
-1.52633
5.9751
2.43323
0.689035
1.2791
2.2099
-3.17425
-2.27677
0.111832
-0.652049
-2.72311
1.8375
-1.77762
5.56601
-0.414142
4.90295
-2.53183
-2.10734
1.79219
1.54984
-1.93525
-3.56368
-2.50772
2.61869
2.94389
0.0963248
-3.83298
-4.33922
2.25047
-4.11031
2.92687
0.795093
-0.517828
-1.67723
2.51628
5.9878
-0.853703
0.58882
0.216967
-3.78022
-1.90539
1.82498
1.76411
-0.281315
1.0475
-2.72303
-0.4327
-1.88568
1.15859
1.77502
0.223134
0.480586
-2.50274
-1.9159
-4.10787
0.146692
-2.21223
2.30283
-1.57022
-0.0463499
-1.94644
-1.03776
1.92044
-3.11882
0.195468
0.0742832
1.71954
1.37604
2.00045
-0.634755
-0.110734
-2.31498
-3.37136
-1.86091
-3.15736
0.806269
2.79906
-3.45175
2.69368
-3.49965
-4.73564
4.18676
1.97645
1.43109
2.29018
-0.51779
0.202664
-1.25056
3.13484
-1.03025
4.27105
0.363214
-1.51216
1.82551
1.34828
0.0144802
-2.15907
-1.73125
3.55936
2.34742
0.962315
1.74835
-0.793592
1.52717
2.93467
0.673998
-0.349079
1.73786
2.11413
0.615069
2.0312
0.50516
-2.54898
-1.61373
-0.898716
-0.643327
-1.11456
1.57498
-1.31877
1.36433
-0.192635
-0.996988
1.95622
0.531334
1.60999
1.53695
1.08889
-0.804935
-1.18865
1.09502
-3.92993
2.47813
-2.45137
0.521815
1.50354
0.327917
2.59759
1.47836
2.18145
0.696658
0.349167
-0.505198
-0.658771
1.41423
-3.20592
0.570686
-1.34542
6.0854
1.59052
0.644367
-2.63921
-2.74328
-0.0666272
4.25315
1.19168
3.65686
0.211063
0.557244
-1.94056
2.41678
-3.21574
0.439165
4.6297
-0.268642
-0.274805
1.38623
1.06012
-0.371526
-0.438084
-2.8057
-3.29143
2.20685
-2.0473
-2.43225
-0.56677
1.23538
0.962245
2.52462
-2.61419
-2.60945
0.514005
1.24196
0.465516
1.14569
-1.82688
0.461661
0.384839
