inode_size(29), lnode_size(474)
Insertion starts
5027124
2803837
7824328
4128384
1329842
8864689
6661489
4849195
3405567
1988697
639920
8333188
7197346
9449171
6092863
4516993
3744600
2321162
3024282
1622633
327322
5243145
976218
8062359
7469920
9181413
5839445
6903013
8630909
9729303
6374055
4321353
4726691
2496545
3560060
2859891
3925764
5391558
837958
2134283
1784779
166445
3205060
494641
1451754
8205604
5069602
7613040
9048272
5973846
7902921
9861798
6770010
8764170
7321895
1154827
9327218
7042062
5702475
9594098
6246641
8494208
6505351
4218501
4430151
3646553
2586223
4633105
4824912
3837001
747583
4018342
3458396
5480269
2398355
2948051
5308394
925817
2046864
2772012
2221235
1699874
1873157
249505
3286523
3120810
8127324
82084
574194
412042
1375984
7837739
8978709
1535804
7539943
8282861
6033870
4994109
5145479
1087879
6831649
7110579
9795766
8430955
9125961
7687323
6560296
7252685
8695857
9393449
1229381
5764136
7393224
9658792
7981630
9529604
8833721
6972222
6311581
9933811
5631295
9260652
6180880
8565184
6695392
5895436
6433314
4270664
3597041
4162588
4379163
2633278
4680049
4872476
4483143
2356498
3699192
791512
2534708
2088610
882671
2993349
3793371
3499881
4581238
5267587
4777345
1916131
3882655
2729911
2264284
1659081
5522473
3973393
4064376
2903012
969524
2175214
700492
43670
289614
206055
3245279
2445347
5436040
535260
2817645
3413329
1828763
6072899
2003262
452800
3081052
1416080
5353894
7576191
1746739
125867
3330871
7798101
1574569
7720302
8089632
7218680
7875957
8940245
3163896
371819
615229
1124291
8244844
5994231
1334752
5030858
6794627
9017776
5181716
1049443
1497112
9759652
8321690
8464795
8168260
7424888
4955933
6868333
7074826
7498503
5105788
6597303
6525517
8730210
9427758
5732120
7291010
9159130
9561156
8801522
9831929
7144386
5800442
9899818
7003822
9358779
8014111
8393289
9291140
8660461
5600118
9965994
1263352
6343364
6213729
1196215
9090399
6146863
7648966
9691537
9494151
9627956
8868576
6278871
6726345
7947312
9226261
6936985
8595411
5664723
8533200
6663574
5925530
7356021
5864396
4244581
6405371
6461597
4458634
4353153
4300344
3623051
3722078
4188433
4406012
2658022
4654981
4135852
2558482
3570507
4603882
4848987
4509317
769477
4042202
4799890
1679895
1937109
5288603
4705946
2379602
3522403
2607541
3994418
3672952
3862918
3772304
2752025
2287293
990795
3016024
2510410
903716
4556942
3265798
2924764
816122
2969686
4753259
723091
4896929
225950
2332277
2109971
1396181
2241909
3477192
5500813
677846
22985
2425242
2880376
860139
5456369
4087760
1891693
5544806
8263226
2154041
310615
2197317
3949014
2836452
8070339
1727635
1808162
1982572
3817362
2066349
2706412
7894924
5242270
3433502
5048455
4974569
268304
8959143
3102099
2024349
6052947
3182509
7199870
554787
5414487
3060562
7556505
634572
472967
3309753
1849863
66431
5374516
3222856
5333728
8150518
184013
1633810
431668
2466519
1106371
1354825
353407
1479431
1555153
7817667
144721
8338666
5123178
3351359
5162541
947159
6094185
7738734
3906619
7442345
9037386
1593756
7480361
1438188
9176155
513452
6011911
3392012
8998774
6329253
8111116
2795407
9777132
1315681
7596723
9678245
7778253
1067192
8785366
7700252
3142615
6885944
6776603
1768157
8919711
5201529
6507879
594899
6813706
8713290
7855894
392446
8483331
106076
9849022
4938013
7239496
7997277
6987053
7517506
8446573
9579083
6849780
8409995
6579092
1030830
7057302
9409978
7405371
7933240
1518106
9543805
8223980
1144688
5749586
5973619
8644227
6615201
5086450
7307891
1212426
9307600
6543444
9374643
8749751
5010876
5714460
9445004
8188137
7161363
7665200
1278722
9814069
9949301
5783714
5583573
6130634
5817401
9983140
7093231
9740108
7127183
8852816
5879196
9073890
8301689
7274210
9140817
5617105
9107571
6230056
5679751
9478382
9612527
6649398
7022098
5939635
9211580
6710953
6293480
9341063
9915729
9273935
8031694
8819840
9882868
6921475
8580221
6163828
8375505
8678215
6196627
7341398
1178548
7632276
6742342
1245858
8885189
8611532
4230291
8548385
6953365
9644240
7372476
6419535
8517439
9509770
6262229
7965279
9242761
4260029
5648177
5909332
5848882
6362297
6390815
6680330
6475522
4201341
6447666
4340185
4312692
3609710
4667543
4471218
2368404
4615270
4366784
4393291
4286567
4174717
2645339
4811146
9709600
3636374
3735036
4122773
4419466
1667428
2671205
4445050
2546339
4885816
3557697
3709032
4148611
4836869
5276408
3583374
4693749
4030213
4641322
826641
1692867
4521531
2619537
1924886
3760678
757419
2594728
3851120
914491
2498824
4718082
2763674
5301214
4005765
1949287
781495
2571054
979791
4496928
4861393
4764334
3874700
33889
2253149
3510878
712545
3661552
2343556
4054209
7209814
2121341
1973420
5554743
3254574
4545905
2739799
1738423
3959716
2981269
3004642
3684751
564543
215449
4077229
689358
3027940
3466062
4741354
6043054
1385314
3982169
2014312
2298325
2393082
5489945
3533387
2522170
2717063
2914216
8080457
666547
2958646
1469207
5466969
3277143
4982899
3784575
4590429
3319433
644168
2869561
9167843
2229863
2936331
1716350
10978
3422672
2320627
1624041
363063
734790
2275970
1002264
1818342
2099104
2164580
2847382
3827989
1563850
5231290
5252928
4787028
2207511
1902219
278291
321695
4099152
299945
3151570
3443651
7748022
4568391
3092009
2142964
2825472
3938088
8273206
850013
5057959
1407296
7470905
3896787
3360933
3233130
3382841
3488681
891718
421571
1345129
7885554
1428845
2414892
3192655
2891856
804125
2055809
5113650
2694820
4909007
3050129
5512180
482522
2077063
1859701
174651
7769497
237177
8969135
5445044
6104066
77054
937300
5172050
2186263
7546012
7566869
957900
5405270
3806527
1797228
7807807
5343694
56265
8348424
154075
1096229
7864827
2456136
623332
1880811
9007890
2804666
5323237
523353
1116707
1324844
2435792
8101752
3113178
8140355
3071121
1490524
2476543
7605943
1644865
9453072
8160479
257723
5533035
1776815
9787300
543508
1839166
8058779
6021291
134453
7827759
5364366
8948437
5192109
6084103
8251973
9767598
442379
502991
3213070
9047060
5384623
3172082
3340487
585927
2035329
6822625
870779
342156
9027648
3298330
3917394
6767551
1364931
8910676
6320010
4946376
8703982
1039109
6064249
96949
9687113
1136622
7905977
5133431
7432587
8474599
1584142
7451686
5211083
1305515
9382620
6895224
5152235
7924965
8455564
7489943
7188819
1057866
9552748
8844971
7709403
5002330
5037741
8723221
5705876
7048350
1076595
462051
6978093
1603427
7673309
8757700
3403123
194635
6516827
6570087
6803965
7508423
9534817
7691022
8418587
1448785
8328529
8652860
7988477
5672181
8794441
6841483
8179815
7315929
5425002
6001361
7727792
2785362
7230321
7788761
8120985
8776380
8232878
6876366
7624734
9668825
115733
6623666
6703061
8293272
401526
9990905
5757846
6551582
9570818
9857728
6301517
9907625
9731704
1526823
5592121
7396636
6339179
383228
8214905
7169779
8988825
5982495
9203513
9148694
7846214
8437078
6588544
1994226
6786286
9418566
7266649
6498494
7248707
8929553
6221422
9941265
8383009
1544425
7066709
8197531
9316176
7084556
7414493
6996260
9486050
7526553
9890213
7586397
8006205
1203443
9401029
3132331
9186713
1509371
8587965
8492965
1287171
5825560
604805
5791798
9839939
4237603
9749075
5574990
7656669
1221018
5964600
7013768
7942692
5077478
7101846
6858839
7135235
9065653
1758233
9517122
8400553
4928415
6641190
4964266
9822437
8685907
9099136
9281650
7333718
6606046
7152244
5723570
1253100
9805286
9298825
5740343
5094796
6238260
6122444
8861788
8635187
1269927
8040169
7030780
9604381
5608796
8510069
5931661
8811557
5871729
9348605
8023346
7118528
5020016
6913320
6188407
9115786
6171795
6719289
8310744
9958033
5775225
6657730
9364894
1021348
5887389
6534225
5808494
6204967
1186337
9082630
8827909
5625032
9220033
6139158
8878027
7298657
9924511
8366519
5947867
9620732
9435552
1154245
9874187
9587990
6734971
6155463
1170267
6929775
8740493
9132030
8669818
9332676
9636647
9652208
6426265
9265315
6284977
8556191
5689055
8571659
9974046
8618948
7640815
6961068
6254587
8540800
6397212
9235992
6945567
7365052
5640864
1237374
4207489
5841688
6750356
7283088
6269687
7349846
8603820
8525669
7380086
4222128
9469933
4318991
4253149
8893460
6454040
5916041
7958329
5856411
3741036
6687564
9501651
6673142
4464890
4621571
2638983
4333623
7972595
6468445
6369510
4660790
5655718
4267201
9703429
3642799
4674704
4515725
4180763
1686772
4154893
3602953
elapsed time: 2.18803e+06 usec
throughput: 4.57033 mops/sec
Search starts
elapsed time: 2.82479e+06 usec
throughput: 3.54008 mops/sec
Height of tree: 4
utilization of leaf nodes: 63.6988 %
