4648226000998833920
4648226001002926080
4648226001015208576
4648226001506381312
4648226001524648192
4648226001548511232
4648226002017950720
4648226002045916672
4648226002078326656
4648226002565211776
4648226002600110592
4648226002632939136
4648226002890241152
4648226002905412224
4648226002928480384
4648226003117330944
4648226003142891392
4648226003202146816
4648226003348063744
4648226003375797632
4648226003447978240
4648226003604733056
4648226003633104896
4648226003710734848
4648226003875838976
4648226003903696640
4648226003936524032
4648226004123334016
4648226004151750528
4648226004236907008
4648226004381870848
4648226004420139264
4648226004487834368
4648226004639905280
4648226004677781504
4648226004743035904
4648226004896351488
4648226004929093888
4648226005001902848
4648226005156021632
4648226005191681408
4648226005266892160
4648226005421398016
4648226005447062656
4648226005485997952
4648226005687333248
4648226005714551168
4648226005750294400
4648226005943165440
4648226005965654528
4648226006007253504
4648226006197682176
4648226006220019968
4648226006313483264
4648226006456505984
4648226006493912064
4648226006590805632
4648226006699170816
4648226006787551872
4648226006871655168
4648226007032323584
4648226007064080128
4648226007148163584
4648226007315616640
4648226007350754816
4648226007420190208
4648226007589230976
4648226007622089728
4648226007702372608
4648226007855123712
4648226007891839360
4648226007978123264
4648226008127831040
4648226008161197056
4648226008262474112
4648226008365180160
4648226008450321408
4648226008538474880
4648226008638465408
4648226008716402560
4648226008874146816
4648226008918179584
4648226008999393152
4648226009148867712
4648226009189061888
4648226009265563008
4648226009418958592
4648226009468778240
4648226009557780352
4648226009643002880
4648226009750969600
4648226009841995264
4648226009937007232
4648226010020020352
4648226010109794432
4648226010197361408
4648226010279846272
4648226010367220480
4648226010458884992
4648226010547562368
4648226010650462336
4648226010752903040
4648226010833511936
4648226010986467456
4648226011030831232
4648226011113194368
4648226011269121536
4648226011296324736
4648226011380387840
4648226011540617344
4648226011561283840
4648226011652691968
4648226011803293056
4648226011837257344
4648226011925617408
4648226012087202432
4648226012111062272
4648226012196876288
4648226012359610496
4648226012397862016
4648226012480140032
4648226012639585280
4648226012668491264
4648226012752293504
4648226012914658304
4648226012940116480
4648226013029429120
4648226013182271360
4648226013222609664
4648226013303202176
4648226013453235072
4648226013492779008
4648226013585465472
4648226013747578624
4648226013789754368
4648226013865698688
4648226014025987968
4648226014061142272
4648226014140912640
4648226014289904384
4648226014326481280
4648226014408387328
4648226014562499968
4648226014610945280
4648226014682807808
4648226014845905280
4648226014894903168
4648226014983100800
4648226015150447872
4648226015180978304
4648226015258498560
4648226015439116288
4648226015462754944
4648226015491444608
4648226015717193600
4648226015743268992
4648226015767551744
4648226015985675264
4648226016013689472
4648226016048296064
4648226016259260032
4648226016290932736
4648226016371785984
4648226016544211200
4648226016570662272
4648226016603803136
4648226016831568640
4648226016862719104
4648226016905692160
4648226017130143488
4648226017160449664
4648226017232822656
4648226017393758208
4648226017430001408
4648226017509530752
4648226017658393216
4648226017698797312
4648226017777195136
4648226017934705408
4648226017983439104
4648226018062181632
4648226018217844224
4648226018281972608
4648226018369390080
4648226018526180608
4648226018571078912
4648226018647200256
4648226018817943936
4648226018848709888
4648226018927664128
4648226019091657728
4648226019124163968
4648226019210891776
4648226019385978880
4648226019416152960
4648226019504703616
4648226019664320768
4648226019693021696
4648226019792666880
4648226019954267904
4648226019986913152
4648226020086523904
4648226020243417088
4648226020273481344
4648226020365825792
4648226020532056960
4648226020560562432
4648226020648437632
4648226020823875456
4648226020857117696
4648226020948607616
4648226021108187136
4648226021133866624
4648226021225050624
4648226021384082816
4648226021417011072
4648226021506815360
4648226021666274048
4648226021693607936
4648226021788777856
4648226021956438528
4648226021982764800
4648226022082860928
4648226022255734784
4648226022279870720
4648226022384494848
4648226022540086528
4648226022563154816
4648226022669841664
4648226022824254336
4648226022850513536
4648226022969396992
4648226023082651520
4648226023163669888
4648226023260259712
4648226023370317952
4648226023453762304
4648226023544912256
4648226023713340032
4648226023755676928
4648226023847791488
4648226024013541888
4648226024080792064
4648226024162774528
4648226024323910528
4648226024371040384
4648226024454993664
4648226024620926592
4648226024663041024
4648226024747665408
4648226024857862144
4648226024955337472
4648226025046114176
4648226025150417152
4648226025252172672
4648226025336641792
4648226025448603648
4648226025576229632
4648226025653132032
4648226025763904896
4648226025864245376
4648226025950635008
4648226026059752576
4648226026150735232
4648226026254053632
4648226026348744704
4648226026450971648
4648226026563646464
4648226026651339904
4648226026758885120
4648226026861387008
4648226026934878464
4648226027040877696
4648226027145227648
4648226027217980032
4648226027328414080
4648226027431993344
4648226027516283776
4648226027674540672
4648226027720937856
4648226027809102080
4648226027919379072
4648226028021300864
4648226028111620992
4648226028210384512
4648226028322976512
4648226028414008320
4648226028506659328
4648226028659748992
4648226028712135552
4648226028810469760
4648226028908719744
4648226029016758656
4648226029110436864
4648226029208188800
4648226029304170496
4648226029398202752
4648226029503556480
4648226029595603840
4648226029688088192
4648226029852944384
4648226029907176064
4648226029987016704
4648226030156365696
4648226030203318912
4648226030290638208
4648226030454797824
4648226030502454528
4648226030580054528
4648226030740926976
4648226030801069056
4648226030868192128
4648226031026499840
4648226031082223872
4648226031169391488
4648226031350204032
4648226031395980288
4648226031472189440
4648226031631457280
4648226031692880896
4648226031764724224
4648226031920201600
4648226031994500864
4648226032090260096
4648226032262094976
4648226032325383168
4648226032401498752
4648226032559282816
4648226032611507200
4648226032696959744
4648226032815548928
4648226032908230912
4648226032999926912
4648226033112652288
4648226033192213632
4648226033281772288
4648226033444225024
4648226033487566848
4648226033607875968
4648226033707091584
4648226033792206464
4648226033954200832
4648226034007593984
4648226034092685952
4648226034257284736
4648226034307336832
4648226034389687680
4648226034558760960
4648226034591190400
4648226034673448064
4648226034849678848
4648226034892135680
4648226034974253056
4648226035130755328
4648226035178638080
4648226035279991168
4648226035393773568
4648226035488984320
4648226035583008000
4648226035691193216
4648226035851530112
4648226035887866112
4648226035986576512
4648226036138996992
4648226036173427072
4648226036284144640
4648226036398191744
4648226036474187904
4648226036637236736
4648226036697842432
4648226036770220800
4648226036950915456
4648226037007245696
4648226037074076928
4648226037255239296
4648226037300727168
4648226037379588224
4648226037555958912
4648226037577505280
4648226037615545984
4648226037845081600
4648226037871270272
4648226037908407808
4648226038129465728
4648226038164591360
4648226038252510464
4648226038429316736
4648226038476561536
4648226038575015424
4648226038689294720
4648226038791069568
4648226038873915776
4648226038984347264
4648226039086436992
4648226039188277632
4648226039301421440
4648226039399604864
4648226039490225920
4648226039589226240
4648226039681653120
4648226039786443520
4648226039892527360
4648226039998975616
4648226040102882304
4648226040204259584
4648226040310801280
4648226040393282304
4648226040553335040
4648226040605481984
4648226040691339520
4648226040807307264
4648226040939859456
4648226041017556224
4648226041190082176
4648226041255568640
4648226041334895232
4648226041449302528
4648226041563625856
4648226041651964288
4648226041770413824
4648226041941730432
4648226041976134400
4648226042128763648
4648226042190038016
4648226042281164416
4648226042387687296
4648226042485403392
4648226042577558144
4648226042679663488
4648226042830109568
4648226042879948160
4648226043052071296
4648226043113805824
4648226043198304896
4648226043315734912
4648226043421006976
4648226043510422400
4648226043626551808
4648226043734570496
4648226043820627584
4648226043978588032
4648226044032387840
4648226044127957376
4648226044237164928
4648226044331926912
4648226044430854784
4648226044543338752
4648226044665468800
4648226044737313152
4648226044850151808
4648226045021349632
4648226045060289152
4648226045181136768
4648226045345762304
4648226045372424832
4648226045475496576
4648226045657104768
4648226045685413248
4648226045793430272
4648226045963559296
4648226046003139968
4648226046132328192
4648226046243900544
4648226046319179520
4648226046439858688
4648226046606292096
4648226046633924480
4648226046746357760
4648226046845136384
4648226046912943616
4648226047068270976
4648226047125144704
4648226047209696384
4648226047317828864
4648226047422434048
4648226047502589056
4648226047664145920
4648226047715257088
4648226047811005056
4648226047973119104
4648226048019134848
4648226048109255424
4648226048219352576
4648226048308049408
4648226048395207424
4648226048505767936
4648226048595244672
4648226048692691072
4648226048839137152
4648226048873143296
4648226048982086656
4648226049091243520
4648226049171347968
4648226049342319232
4648226049423859072
4648226049514572288
4648226049617992960
4648226049718301440
4648226049807855360
4648226049906313088
4648226050013864832
4648226050140354432
4648226050219575040
4648226050382803456
4648226050435042432
4648226050516602368
4648226050675389312
4648226050718952960
4648226050811927936
4648226050984362240
4648226051053830528
4648226051137681920
4648226051287185792
4648226051340960384
4648226051423980928
4648226051584359552
4648226051627581056
4648226051721708544
4648226051840071168
4648226051920439808
4648226052016563072
4648226052179034752
4648226052219614336
4648226052326701056
4648226052419123968
4648226052511687680
4648226052631476352
4648226052744715776
4648226052837183744
4648226052936474624
4648226053035458432
4648226053140802304
4648226053214314752
4648226053326514816
4648226053441229696
4648226053523426304
4648226053619680768
4648226053780645376
4648226053820942208
4648226053913083904
4648226054086559616
4648226054119452032
4648226054228562944
4648226054382869760
4648226054426564224
4648226054528336256
4648226054637492864
4648226054724643712
4648226054826758400
4648226054935141888
4648226055029255168
4648226055143581696
4648226055257414912
4648226055356140800
4648226055467314432
4648226055572300032
4648226055664329984
4648226055814718592
4648226055873023360
4648226055958924160
4648226056119574784
4648226056164147200
4648226056248675328
4648226056437984128
4648226056499372288
4648226056568614016
4648226056746167936
4648226056809555072
4648226056895192960
4648226057001598336
4648226057109653888
4648226057189219328
4648226057304239488
4648226057411846272
4648226057493308544
4648226057593356416
4648226057694072320
4648226057807645440
4648226057910199424
4648226058084319872
4648226058123057920
4648226058229731456
4648226058400285056
4648226058428853760
4648226058529356544
4648226058713814784
4648226058745451392
4648226058847084672
4648226059008093056
4648226059050652032
4648226059154318720
4648226059258101504
4648226059354613632
4648226059451405952
4648226059546094848
4648226059641738112
4648226059741403264
4648226059848336384
4648226059945230976
4648226060031313792
4648226060194175616
4648226060244208128
4648226060349264640
4648226060438294784
4648226060554097920
4648226060646323200
4648226060735523456
4648226060855910016
4648226060971739648
4648226061066045056
4648226061179402240
4648226061339186688
4648226061374367744
4648226061495936896
4648226061652371840
4648226061677420416
4648226061795508352
4648226061951723008
4648226061996584320
4648226062097540096
4648226062197671424
4648226062292642176
4648226062393622272
4648226062495090176
4648226062656998016
4648226062705012992
4648226062798803200
4648226062978912512
4648226063026556800
4648226063115439232
4648226063287143936
4648226063338631168
4648226063428877568
4648226063598323968
4648226063641427712
4648226063732457728
4648226063907618816
4648226063952351872
4648226064057282048
4648226064175121536
4648226064271396736
4648226064367658496
4648226064475875840
4648226064608193664
4648226064699066624
4648226064824500480
4648226064920096640
4648226065017808640
4648226065186869376
4648226065235237376
4648226065324703872
4648226065497516800
4648226065552806144
4648226065645129216
4648226065818986112
4648226065871426048
4648226065948607104
4648226066131756928
4648226066180386432
4648226066266121216
4648226066444985472
4648226066488160512
4648226066572183936
4648226066742026240
4648226066782435584
4648226066874420096
4648226066987524224
4648226067072779520
4648226067186491776
4648226067281132544
4648226067376376064
4648226067527904768
4648226067577245952
4648226067665747840
4648226067855410560
4648226067875580544
4648226067922428160
4648226068145416704
4648226068174869632
4648226068265788800
4648226068458121984
4648226068497191296
4648226068615393152
4648226068791323776
4648226068822801792
4648226068931938944
4648226069109479168
4648226069161389440
4648226069268739712
4648226069441929344
4648226069493919616
4648226069587634560
4648226069698663552
4648226069795938944
4648226069891698432
4648226070007198464
4648226070113382400
4648226070210664960
4648226070369689088
4648226070409333760
4648226070506764288
4648226070621906944
4648226070721371008
4648226070804360832
4648226070924576640
4648226071018940032
4648226071111465984
4648226071214204928
4648226071305055744
4648226071415408128
4648226071517707648
4648226071596081792
4648226071702634496
4648226071884103296
4648226071938734848
4648226072054314624
4648226072220367232
4648226072247268608
4648226072353977984
4648226072514316800
4648226072545747840
4648226072720191616
4648226072778488064
4648226072851573504
4648226072974285824
4648226073105484800
4648226073175822080
4648226073285956608
4648226073444530944
4648226073473240064
4648226073580075136
4648226073695818240
4648226073789121408
4648226073898108032
4648226074056673024
4648226074090552064
4648226074270680320
4648226074336903680
4648226074407003008
4648226074575358592
4648226074629528064
4648226074689898368
4648226074869060480
4648226074910481024
4648226074986037632
4648226075170394496
4648226075212520960
4648226075300540928
4648226075474861056
4648226075514450688
4648226075602042240
4648226075775223424
4648226075808584576
4648226075883582720
4648226076087547648
4648226076120171008
4648226076173644160
4648226076391061248
4648226076421348736
4648226076461636736
4648226076679072640
4648226076725158144
4648226076796060928
4648226076968267904
4648226077016951680
4648226077087612672
4648226077276216320
4648226077309288960
4648226077346972032
4648226077591973632
4648226077631940864
4648226077733738624
4648226077913370368
4648226077943858432
4648226078037357696
4648226078205467904
4648226078242612736
4648226078343869312
4648226078453386240
4648226078549026816
4648226078671965312
4648226078834714752
4648226078876919168
4648226078975961344
4648226079092245504
4648226079179679872
4648226079275493376
4648226079444232832
4648226079509635328
4648226079597273472
4648226079764993408
4648226079817289728
4648226079893491968
4648226080080022272
4648226080134061696
4648226080217813504
4648226080382829568
4648226080428279552
4648226080501515264
4648226080675941632
4648226080716916736
4648226080793537024
4648226080971005440
4648226081023582720
4648226081096372224
4648226081275916544
4648226081333564288
4648226081403322752
4648226081583294592
4648226081659149568
4648226081734780160
4648226081896254464
4648226081953338496
4648226082027774720
4648226082186010496
4648226082248916096
4648226082332447616
4648226082451320320
4648226082627186688
4648226082650169984
4648226082756992768
4648226082922672000
4648226082956043648
4648226083069281152
4648226083192227200
4648226083280307968
4648226083384971648
4648226083547882880
4648226083590948864
4648226083696052736
4648226083799803648
4648226083906369792
4648226084001461632
4648226084097777408
4648226084205248896
4648226084297189376
4648226084405879680
4648226084506528000
4648226084617440512
4648226084714562048
4648226084842550528
4648226084939180928
4648226085031113856
4648226085205746560
4648226085252018048
4648226085349479552
4648226085518417024
4648226085553983232
4648226085652504960
4648226085831700096
4648226085885369472
4648226085977022464
4648226086157575296
4648226086208823040
4648226086309564672
4648226086429615616
4648226086535275392
4648226086620489088
4648226086733114112
4648226086842066944
4648226086934027904
4648226087100236544
4648226087143186816
4648226087263795968
4648226087359272832
4648226087457257856
4648226087572583424
4648226087687232896
4648226087797236224
4648226087904306432
4648226088015546240
4648226088117170816
4648226088222902912
4648226088335198464
4648226088428645248
4648226088597869568
4648226088633338752
4648226088736511360
4648226088921215232
4648226088952522112
4648226089055850368
4648226089230194816
4648226089270206592
4648226089365556736
4648226089545722880
4648226089593255808
4648226089691298688
4648226089857051392
4648226089888832000
4648226090006921472
4648226090111240960
4648226090206458880
4648226090328868864
4648226090440672896
4648226090532189696
4648226090644497024
4648226090752815872
4648226090857917184
4648226090954611072
4648226091064633728
4648226091238450048
4648226091265487360
4648226091367794688
4648226091524200832
4648226091552801024
4648226091656122112
4648226091828497920
4648226091867076736
4648226091988423040
4648226092159133952
4648226092200809728
4648226092299916160
4648226092467242112
4648226092529960192
4648226092614862208
4648226092795759616
4648226092842460160
4648226092914589184
4648226093087960960
4648226093124394752
4648226093212831744
4648226093387186688
4648226093428019200
4648226093521089024
4648226093687952768
4648226093732676480
4648226093837809920
4648226093928665088
4648226094021193600
4648226094180852608
4648226094232022400
4648226094327628800
4648226094487712768
4648226094534652032
4648226094620635392
4648226094777957376
4648226094829362048
4648226094911757568
4648226095075809152
4648226095125573888
4648226095209956992
4648226095410392192
4648226095455479552
4648226095550647680
4648226095739098496
4648226095777892992
4648226095819860096
4648226096034782336
4648226096075801600
4648226096160595840
4648226096331861760
4648226096397083392
4648226096501232128
4648226096630949888
4648226096746403840
4648226096840011776
4648226096953102336
4648226097059052416
4648226097150938496
4648226097259842176
4648226097358455424
4648226097456293504
4648226097557240192
4648226097643796096
4648226097752692224
4648226097856088704
4648226097934135680
4648226098047969024
4648226098212113664
4648226098250594432
4648226098345443328
4648226098515874304
4648226098551493888
4648226098645163264
4648226098819224448
4648226098855259264
4648226098939581056
4648226099126944128
4648226099171363200
4648226099270675584
4648226099445921024
4648226099480759296
4648226099561760768
4648226099751025408
4648226099782475264
4648226099839116416
4648226100082300800
4648226100107480192
4648226100139437312
4648226100379078144
4648226100400540928
4648226100426022272
4648226100671431680
4648226100697244928
4648226100725085696
4648226100964036992
4648226100986512384
4648226101008936960
4648226101254139904
4648226101281888256
4648226101311452032
4648226101561691520
4648226101586147712
4648226101618276736
4648226101872781696
4648226101919904768
4648226101954527744
4648226102184674688
4648226102219306368
4648226102252210560
4648226102482641152
4648226102520440064
4648226102605648128
4648226102780285056
4648226102828729600
4648226102933064960
4648226103095582336
4648226103128405888
4648226103222178816
4648226103393945600
4648226103426957952
4648226103527469440
4648226103689380864
4648226103730566016
4648226103820868608
4648226103977778944
4648226104034550912
4648226104113156736
4648226104281266816
4648226104340863360
4648226104417534720
4648226104578967936
4648226104637806976
4648226104724006400
4648226104900149504
4648226104958457216
4648226105053758592
4648226105168261120
4648226105277458816
4648226105354965632
4648226105473072640
4648226105630137216
4648226105666694016
4648226105777099008
4648226105892661760
4648226105977806208
4648226106080101504
4648226106253412864
4648226106285726464
4648226106451871488
4648226106520285696
4648226106598214912
4648226106754347520
4648226106816446976
4648226106891558016
4648226107054551808
4648226107114082176
4648226107192910592
4648226107305871232
4648226107411541760
4648226107494189952
4648226107595670272
4648226107756659072
4648226107805492096
4648226107895287808
4648226108030199296
4648226108138981248
4648226108221040384
4648226108379380864
4648226108452187264
4648226108521723776
4648226108640150656
4648226108753473280
4648226108826922624
4648226108938645888
4648226109050968832
4648226109145248512
4648226109252431104
4648226109409048704
4648226109449366784
4648226109552682112
4648226109723257216
4648226109766593536
4648226109860374912
4648226110025122304
4648226110068722304
4648226110164263680
4648226110332379264
4648226110372624896
4648226110473186048
4648226110637656192
4648226110703149184
4648226110779304704
4648226110961586048
4648226111019705600
4648226111096104576
4648226111260427776
4648226111315335552
4648226111407308416
4648226111575937792
4648226111619805824
4648226111701867520
4648226111881932416
4648226111920534016
4648226112010766336
4648226112186321920
4648226112235237248
4648226112356647552
4648226112520755200
4648226112558490752
4648226112676932992
4648226112781792128
4648226112875253504
4648226112975750528
4648226113074953216
4648226113184293632
4648226113295435264
4648226113379398016
4648226113494332800
4648226113604333568
4648226113704304128
4648226113807993472
4648226113915778176
4648226114042050304
4648226114146610432
4648226114262818816
4648226114380781952
4648226114473133056
4648226114575402880
4648226114742939392
4648226114792144640
4648226114888029952
4648226115060120448
4648226115113532160
4648226115208460416
4648226115330500736
4648226115427811584
4648226115524126592
4648226115687107456
4648226115735802240
4648226115840265984
4648226115950610688
4648226116027258752
4648226116141241088
4648226116243776768
4648226116323576192
4648226116438368256
4648226116531788160
4648226116623151360
4648226116779696000
4648226116825881472
4648226116914252416
4648226117080323968
4648226117141271808
4648226117231952128
4648226117333763840
4648226117429703424
4648226117527128576
4648226117638736768
4648226117730900224
4648226117831997056
4648226117934571520
4648226118023796352
4648226118127379968
4648226118227096832
4648226118321853056
4648226118431342080
4648226118518289536
4648226118619311488
4648226118731212160
4648226118834605440
4648226118925779456
4648226119034433024
4648226119133659008
4648226119223338496
4648226119323194368
4648226119427712768
4648226119508709504
4648226119614977408
4648226119784113408
4648226119810581248
4648226119978443648
4648226120038793728
4648226120114870784
4648226120290383104
4648226120356175232
4648226120433437440
4648226120596418432
4648226120658371584
4648226120729604736
4648226120887077888
4648226120951101440
4648226121030055552
4648226121149717632
4648226121260923776
4648226121347698816
4648226121472982912
4648226121609113216
4648226121698752000
4648226121813593216
4648226121913568640
4648226122004681728
4648226122173729280
4648226122214250240
4648226122308870400
4648226122483928960
4648226122518814592
4648226122617289600
4648226122778740992
4648226122861321472
4648226122940315520
4648226123054512384
4648226123163320192
4648226123235795968
4648226123408308352
4648226123463387648
4648226123552759552
4648226123664808832
4648226123784900096
4648226123879248896
4648226123995108864
4648226124105545856
4648226124181898112
4648226124294130048
4648226124457793408
4648226124493582336
4648226124599112704
4648226124760912768
4648226124816750848
4648226124934708992
4648226125094373376
4648226125138397824
4648226125242338048
4648226125351752704
4648226125445382144
4648226125537005312
4648226125717067136
4648226125765812224
4648226125884779520
4648226125984234368
4648226126076890880
4648226126183929856
4648226126313304192
4648226126403711360
4648226126528276096
4648226126628916992
4648226126704185728
4648226126861589632
4648226126921910528
4648226126994795264
4648226127161592320
4648226127239478528
4648226127311532928
4648226127478152832
4648226127542216704
4648226127624050048
4648226127729748096
4648226127842213120
4648226127937909760
4648226128042821888
4648226128163490560
4648226128261822848
4648226128376872448
4648226128485154560
4648226128577689216
4648226128733912064
4648226128796848000
4648226129395787904
4648226129580460928
4648226129641301760
4648226129724156032
4648226129901664384
4648226129956603776
4648226130043823488
4648226130219087360
4648226130277013760
4648226130361763072
4648226130528226176
4648226130583143296
4648226130665864448
4648226130825147776
4648226130880247680
4648226130969291520
4648226131147545600
4648226131190982016
4648226131278553088
4648226131454915840
4648226131501975936
4648226131588062080
4648226131779532416
4648226131818710528
4648226131856467200
4648226132090886912
4648226132142132992
4648226132241442560
4648226132414373120
4648226132465609344
4648226132579129984
4648226132680217088
4648226132798145536
4648226132915971968
4648226132997794432
4648226133166035584
4648226133216715904
4648226133310977920
4648226133487365888
4648226133539652864
4648226133625090176
4648226133799054336
4648226133848065536
4648226133922663552
4648226134110533120
4648226134169862912
4648226134240266240
4648226134411401600
4648226134499820416
4648226134592552064
4648226134709252864
4648226134824554240
4648226134911013888
4648226135023203456
4648226135182995584
4648226135209931392
4648226135314598400
4648226135479725312
4648226135504096384
4648226135610696576
4648226135776457216
4648226135808288640
4648226135905154048
4648226136095145984
4648226136131314816
4648226136224411008
4648226136413022080
4648226136446618496
4648226136537870848
4648226136714745088
4648226136756988288
4648226136846404736
4648226137016836864
4648226137063794304
4648226137153191296
4648226137329426688
4648226137371790208
4648226137465404416
4648226137634060032
4648226137690083200
4648226137773415296
4648226137944417024
4648226138007318400
4648226138114320256
4648226138278290944
4648226138335051776
4648226138422586880
4648226138589625600
4648226138647878656
4648226138718960512
4648226138892069376
4648226138957275264
4648226139030168704
4648226139200304384
4648226139267706112
4648226139345730304
4648226139510773504
4648226139572263424
4648226139680431872
4648226139775659264
4648226139931424128
4648226139972471168
4648226140070155136
4648226140229456512
4648226140264185216
4648226140378367104
4648226140488206336
4648226140567179264
4648226140686944000
4648226140793924992
4648226140875048320
4648226141054357888
4648226141117526144
4648226141207156864
4648226141389091584
4648226141431879680
4648226141513911040
4648226141682576640
4648226141726364032
4648226141809097728
4648226141981754368
4648226142021894528
4648226142116472320
4648226142286009088
4648226142316834816
4648226142422795008
4648226142594064384
4648226142634769024
4648226142740384000
4648226142855861376
4648226142948570880
4648226143047066496
4648226143207553280
4648226143246135680
4648226143347980544
4648226143462606848
4648226143545351296
4648226143650592512
4648226143817563648
4648226143854015616
4648226143965885440
4648226144130724864
4648226144156630784
4648226144257368192
4648226144421900288
4648226144449208192
4648226144549709696
4648226144712212224
4648226144745916928
4648226144849321728
4648226145018126208
4648226145048869376
4648226145220397312
4648226145288870400
4648226145364319872
4648226145529217920
4648226145595803136
4648226145674016512
4648226145843311232
4648226145914465152
4648226146018810880
4648226146126315008
4648226146282878720
4648226146330884224
4648226146427465472
4648226146585091328
4648226146629867008
4648226146722722816
4648226146912872576
4648226146950614656
4648226147039610752
4648226147228249600
4648226147279927296
4648226147362740864
4648226147524690688
4648226147575472256
4648226147653904256
4648226147826861568
4648226147868313472
4648226147952598784
4648226148127499904
4648226148154231040
4648226148264356608
4648226148382688640
4648226148464184192
4648226148572794624
4648226148737371904
4648226148768032000
4648226148872306816
4648226149036134400
4648226149067569664
4648226149164715136
4648226149281210112
4648226149358486912
4648226149519871872
4648226149575082240
4648226149664792192
4648226149834003968
4648226149898335872
4648226149977432064
4648226150093661056
4648226150203519104
4648226150293956352
4648226150457570304
4648226150498781696
4648226150605226496
4648226150712482176
4648226150790117120
4648226150952968832
4648226151008260864
4648226151087284736
4648226151271592704
4648226151319340800
4648226151426776448
4648226151563540224
4648226151667976704
4648226151800136448
4648226151895503104
4648226152005705472
4648226152130929536
4648226152222373632
4648226152332291712
4648226152488411392
4648226152526465152
4648226152621406720
4648226152791371520
4648226152843302144
4648226152930447104
4648226153110406144
4648226153157610240
4648226153248090752
4648226153426134528
4648226153470441984
4648226153576258176
4648226153739333888
4648226153777996288
4648226153952044928
4648226154000449024
4648226154089773184
4648226154244641024
4648226154292864896
4648226154386556160
4648226154565200896
4648226154616806400
4648226154694957952
4648226154884842752
4648226154922859392
4648226154958007552
4648226155189987200
4648226155230500864
4648226155328633088
4648226155441228160
4648226155524601984
4648226155631047296
4648226155745529728
4648226155826690432
4648226155932732928
4648226156101351680
4648226156135080320
4648226156242240896
4648226156409224704
4648226156464260352
4648226156568996992
4648226156688316800
4648226156774540672
4648226156872088320
4648226156987552256
4648226157080185472
4648226157173337472
4648226157286745216
4648226157373280640
4648226157474871296
4648226157657725440
4648226157702179072
4648226157794892160
4648226157973981184
4648226158016041984
4648226158107699072
4648226158280206080
4648226158318770944
4648226158419607808
4648226158540272384
4648226158623554560
4648226158738778752
4648226158849346048
4648226158926194816
4648226159037711360
4648226159217522944
4648226159253956096
4648226159361123840
4648226159529502592
4648226159575766272
4648226159675469568
4648226159843325184
4648226159885415424
4648226159976100608
4648226160152703360
4648226160196735872
4648226160288277376
4648226160455077632
4648226160498692480
4648226160601750272
4648226160722356992
4648226160811016448
4648226160924640896
4648226161089878400
4648226161125124992
4648226161301300096
4648226161357150080
4648226161444025472
4648226161620863872
4648226161677314432
4648226161750873216
4648226161930723712
4648226161982601472
4648226162062302464
4648226162232004480
4648226162295745536
4648226162369338112
4648226162541843200
4648226162605626112
4648226162696316160
4648226162866712064
4648226162931746048
4648226163012996736
4648226163125648896
4648226163215935104
4648226163304462336
4648226163479522688
4648226163529295360
4648226163613372800
4648226163776787968
4648226163831000576
4648226163917444736
4648226164026465152
4648226164131990400
4648226164218049152
4648226164389021696
4648226164427711872
4648226164521686144
4648226164681829248
4648226164719269376
4648226164818399488
4648226164976245120
4648226165027954432
4648226165105506560
4648226165268906368
4648226165327083008
4648226165414338304
4648226165578592000
4648226165640764416
4648226165722692608
4648226165841998592
4648226165948806400
4648226166030315520
4648226166189448576
4648226166239625728
4648226166336774400
4648226166496297984
4648226166533631872
4648226166635193216
4648226166754694144
4648226166845488128
4648226166937868288
4648226167101248000
4648226167135508352
4648226167252768128
4648226167361336192
4648226167429728384
4648226167596384128
4648226167658991360
4648226167724962688
4648226167885803520
4648226167953199104
4648226168021662208
4648226168137834752
4648226168239939712
4648226168322307840
4648226168433382144
4648226168540477056
4648226168630337408
4648226168718842496
4648226168881726720
4648226168937471616
4648226169043498880
4648226169142402560
4648226169246126976
4648226169344321024
4648226169440542336
4648226169552613760
4648226169641798016
4648226169748033664
4648226169908811520
4648226169949020928
4648226170043485824
4648226170215540352
4648226170257766400
4648226170354676096
4648226170526584320
4648226170576295680
4648226170667103616
4648226170824600960
4648226170870416640
4648226170965710720
4648226171073760000
4648226171235688192
4648226171265661440
4648226171381017088
4648226171543086080
4648226171576930176
4648226171688880128
4648226171859068544
4648226171889929088
4648226171989996544
4648226172157608320
4648226172196356736
4648226172281300224
4648226172445195392
4648226172494092416
4648226172581616256
4648226172743761536
4648226172805122432
4648226172906211840
4648226173021009792
4648226173126739584
4648226173215712640
4648226173380230144
4648226173442148736
4648226173552100992
4648226173667823488
4648226173760973696
4648226173856909568
4648226173966565504
4648226174063077248
4648226174150790656
4648226174323640192
4648226174390957184
4648226174478317056
4648226174656293248
4648226174714393600
4648226174787308672
4648226174956359680
4648226175024220032
4648226175107753728
4648226175232120064
4648226175341400192
4648226175413379328
4648226175573459968
4648226175636981248
4648226175707836288
4648226175876064768
4648226175939292160
4648226176005073408
4648226176180721408
4648226176240237952
4648226176321819008
4648226176498837888
4648226176549437312
4648226176640684800
4648226176808890880
4648226176853912448
4648226176939032192
4648226177116674304
4648226177167799168
4648226177248253440
4648226177424518016
4648226177485299200
4648226177561400192
4648226177734051712
4648226177796365824
4648226177871401728
4648226178032496256
4648226178105631872
4648226178178684288
4648226178299902720
4648226178408826624
4648226178482686976
4648226178590760704
4648226178748304384
4648226178786678656
4648226178907644032
4648226179015431168
4648226179095276928
4648226179275330304
4648226179322781696
4648226179414714496
4648226179585723776
4648226179627261440
4648226179726642048
4648226179902663680
4648226179936104448
4648226180030556160
4648226180205798016
4648226180232012160
4648226180335084672
4648226180506913024
4648226180544035328
4648226180638181632
4648226180815265280
4648226180867290496
4648226180945150464
4648226181123789952
4648226181183151360
4648226181261874048
4648226181437003776
4648226181486013056
4648226181579096320
4648226181748537728
4648226181791382528
4648226181890061952
4648226182012438400
4648226182101348864
4648226182215259008
4648226182328455168
4648226182409353728
4648226182529307904
4648226182635668480
4648226182725902592
4648226182841012224
4648226182961292160
4648226183054615808
4648226183167227648
4648226183265253120
4648226183355129088
4648226183471225856
4648226183587490432
4648226183671228672
4648226183794270592
4648226183898412288
4648226183991436160
4648226184097435648
4648226184204829440
4648226184308087296
4648226184412052224
4648226184529109888
4648226184626402688
4648226184718994688
4648226184828517760
4648226184927576960
4648226185022943872
4648226185133961344
4648226185225291136
4648226185330594944
4648226185445227136
4648226185547752576
4648226185640524160
4648226185814183296
4648226185873420032
4648226185967830784
4648226186130218752
4648226186179956608
4648226186264293760
4648226186427841408
4648226186473332224
4648226186569108352
4648226186678337536
4648226186773041664
4648226186863452928
4648226187017625472
4648226187069387392
4648226187165134464
4648226187329750144
4648226187380686848
4648226187463320064
6.83499 mops/sec
Height of tree: 4
35.987 % of utilization
