-1.28817
-3.16507
2.1014
1.99583
-3.12067
-0.813476
2.37797
1.34771
-2.45908
2.066
-2.2235
0.396796
2.70922
-3.50404
-0.459061
-1.16124
-0.264317
-0.239467
0.391537
3.04931
-1.28622
0.862392
-1.54242
0.601917
-2.24846
-0.220832
1.30508
-1.46714
-0.193966
-0.261742
0.212128
-0.879612
0.670841
-1.77358
3.81024
-1.60552
1.25855
-2.69251
0.690558
0.897323
-0.662879
-2.02559
-0.549981
0.665317
-2.51175
-0.264706
0.912721
2.56466
-4.10722
3.59865
-2.23059
-5.18224
4.36003
-0.869174
-4.48869
2.64957
0.245517
-2.63819
-1.83172
3.06244
0.920357
1.36612
-0.58406
-3.15355
0.650936
-3.15695
2.83925
1.6674
-0.510695
-1.29254
1.33177
-2.49638
0.86779
-3.59976
-0.714707
0.115374
1.27221
3.56041
-3.7729
-0.401895
1.66375
-1.65529
3.05583
-2.73176
2.39701
-0.223359
-1.97234
0.356176
-2.36686
2.46692
-0.622061
0
1.11038
-1.39398
1.13321
-1.59784
-2.6616
-1.75116
1.48629
-0.807458
0.924132
0.836158
0.376912
1.43559
-1.13367
-4.11871
1.61916
2.91733
-1.37823
-2.66171
-0.162566
2.07231
-1.93924
-7.33562
4.84001
-3.57375
-0.246663
2.19298
-1.74389
0.552285
-0.82716
1.86842
-4.33904
-0.455632
-0.595065
-0.11672
1.1212
-1.9239
2.72266
-2.65454
3.65347
-4.39784
-2.00133
2.5899
-2.28934
1.48955
-0.743329
-1.11063
1.20965
-1.62525
-0.632681
2.41108
-1.34112
-4.12557
4.42064
-2.14156
-5.43305
0.318423
-0.175506
0.0360464
1.12567
-1.59594
2.17424
-1.28093
-3.34113
3.04846
-0.673653
2.08125
-2.74902
-0.859446
-0.355608
1.0307
-1.69082
0.382976
-0.964887
0.90652
-0.664725
1.20096
-2.20626
0.534351
0.661306
-4.01569
1.12703
2.89155
-2.10112
0.885224
1.31733
-2.37354
3.48628
-3.65643
-1.82599
0.769001
-0.881159
1.75165
-4.15878
1.29698
-0.62689
-0.396432
3.58325
-2.00979
0.11496
0.159199
-2.01475
4.13783
1.86619
-4.65852
1.19826
-4.52395
2.31423
2.04609
1.75774
1.47765
0.534433
-2.1908
-0.877066
-0.460964
-0.436904
1.26766
-0.34997
-1.52509
-1.36671
2.64621
-0.944294
0.893123
-1.28389
-0.123862
-1.33965
-0.417368
1.26955
-0.858086
-3.21332
-0.385167
1.22388
-3.1299
4.01391
-0.435621
0.692449
0.568303
0.112175
-5.38844
2.59611
-0.0571184
1.03675
-3.42619
3.81763
-1.31222
-1.17546
1.16848
-0.475554
-0.539103
-1.33253
0.163724
-0.294964
1.84237
-2.96221
3.97414
-2.69757
0.0772678
-1.32152
2.08273
-3.00822
-1.09318
-0.190686
0.302001
4.16123
-4.23384
0.110003
1.80749
-1.24846
-1.51768
3.54325
-3.48636
-0.211416
-0.0727508
1.00088
0.448826
-2.72552
-2.00248
4.66726
-6.09094
3.00691
-0.56814
1.08311
0.661182
0.208858
0.202502
0.0513234
-0.794798
2.23621
-3.43448
0.305077
1.16339
-0.95488
0.680075
-1.74965
1.86554
-1.64361
0.0294096
-1.81499
1.09778
0.652301
0.690909
0.112124
-0.501199
-2.31944
3.78312
-4.49216
1.86546
-1.10149
-3.37577
4.01542
0.496894
-6.95715
2.03873
-0.626914
1.20109
2.04801
-0.138589
-0.303907
-3.92289
5.77228
-1.79698
-3.68907
-1.62248
1.94002
-0.744091
-0.441924
0.348277
2.68901
-3.44552
0.977923
0.906322
-4.34658
0.92804
1.79333
-1.04401
1.69066
-3.92303
3.31116
0.866836
-2.48938
0.253918
-0.282025
-0.3446
-1.4366
1.9941
-2.19424
-0.270844
2.13468
-2.30217
-0.307139
3.40951
-2.28659
-1.53944
2.89833
-0.890614
4.3497
-1.26683
0.389976
-2.10812
2.05706
0.511359
-5.79553
5.86187
-1.19297
-1.41544
-1.20041
3.60582
-2.6101
4.6612
-3.30247
-2.70681
2.68554
-4.38346
-3.30015
0.793886
2.60007
-4.31224
-3.43964
4.7073
-0.839161
2.22797
0.0974805
1.09858
-4.18591
3.23165
-2.03935
-0.100488
-2.30809
4.70659
-4.58681
2.31638
-2.20946
-1.2385
2.29152
-1.2153
-2.98153
-0.710953
2.03674
-0.284277
0.131637
-0.602993
-0.403344
2.18096
-1.08626
-3.00962
0.825893
-0.0584411
2.94401
0.656393
-3.58462
3.10211
-1.52934
-3.07402
0.197269
-0.137741
4.30781
-5.31122
1.03277
-0.110003
0.146274
-0.356303
1.8757
-2.14191
0.66498
-1.53735
1.94721
4.5262
-5.24047
3.7904
0.553685
-0.710327
0.901172
-2.6938
-0.100945
1.971
1.00029
-2.7924
0.731482
-1.76139
0.285442
-6.64881
4.8856
2.16421
-3.15053
-3.16609
2.49297
0.887682
-0.814943
1.83784
0.576853
-0.657654
-1.88569
-5.23737
-2.18743
4.49727
-1.5398
-2.15468
1.03964
2.10964
-0.367539
0.185158
-2.13659
2.21035
0.611644
-1.68749
0.394904
-1.83715
1.40926
-0.593257
-1.5299
3.90109
-3.00504
-1.43385
-0.968239
4.34497
-1.0098
-0.759258
0.452099
-0.120882
-0.596905
-1.08794
2.37203
-1.16245
-3.30265
-0.694025
2.06293
1.95008
4.04205
-2.8036
1.93116
-4.61001
-0.388193
4.78784
-4.74791
2.72741
-2.17896
1.01108
-2.49334
2.47612
-2.29969
4.32428
-1.03544
-1.73
-3.68926
0.0806688
2.11904
-2.64624
1.98936
-1.22399
-0.223347
1.38676
-0.398406
-0.0507393
0.809569
-4.20396
1.02936
-0.297664
-1.25565
3.12661
-7.35135
0.689908
2.7564
-2.0977
-0.517417
2.52913
-1.69833
-2.161
0.344348
0
-1.95182
0.530062
1.11347
-0.858648
-2.08167
1.65868
-0.604638
0.884199
-1.90742
-2.11033
3.66314
-2.60626
2.31364
1.26507
-3.0945
-2.12204
6.39133
-3.64942
-1.854
-1.60087
2.22138
-1.16409
1.75613
0.852464
-1.38899
-4.69824
2.12001
1.40835
-1.83386
-0.459308
-3.72804
3.61817
-3.85817
4.25742
-0.0366515
0.921285
-6.35437
0.582022
0.298529
0.10989
1.28783
-1.07181
-4.57181
-0.84453
0.847705
1.60006
-2.8948
6.47814
-1.88568
-1.00354
0.0656695
2.63082
-1.57694
-1.18776
2.4006
-2.2972
0.0356151
2.06585
-1.3932
0.219668
3.4157
-4.48841
-1.19091
0.477811
-4.05219
4
2.00075
-5.54084
4.1831
-1.16104
0.859133
-1.78349
3.77642
-3.90529
-1.54533
2.17234
-1.24573
-2.57366
-0.123529
-3.84949
3.4
1.07945
-1.81751
4.10572
-4.39081
2.2515
0.824217
-0.987063
-0.331221
-3.67953
7.22928
-7.23302
0.0802803
-1.25675
1.76549
-1.61817
1.83153
-0.767656
1.56358
-5.65536
4.83631
1.63253
-4.17476
-5.93532
1.35056
2.25816
-0.319884
-0.303636
-1.98249
0.867491
-2.516
0.432183
0.566551
2.78629
-0.64969
-0.94367
1.31579
-2.97749
1.75885
-1.8994
1.80343
-2.23104
2.58368
-0.956799
-3.97454
3.89061
-4.14052
1.86107
2.12458
-1.5257
0.180297
-0.936085
2.35705
-1.81548
-0.19384
0.770416
-2.54611
3.64864
-3.849
2.6886
-0.31419
1.25713
-3.21013
0.276165
2.32962
-3.33698
-0.11769
1.08859
-0.45536
-0.993934
-1.85637
3.10737
-1.99913
4.64493
-7.43117
1.90997
0.134751
0.212314
0.068156
-2.73584
-0.150795
0.851652
-0.795214
3.48445
0.217206
-2.57828
-1.78695
1.10294
0.243536
0.338783
-0.0215393
-2.03849
2.68346
-3.01549
0.477821
0.295181
-0.120228
2.37684
-1.5071
0.191775
-0.87856
-2.13531
2.44976
-0.467498
0.0931499
-0.464072
-1.75279
1.00226
0.556174
0.100654
-1.90892
1.67255
-0.359492
-2.33074
3.68576
0.821777
-1.20165
0.61016
0.270112
-2.04786
1.66136
-1.20959
4.27694
-4.57243
-2.80834
-3.36147
2.49633
4.36594
-5.79262
4.18886
-2.1959
-2.70874
-1.26657
3.38727
-0.620088
-0.937242
0.963677
0.245151
0.0522232
-1.8634
-0.512898
1.17142
-1.18828
-1.77484
1.85199
1.66752
-2.42868
-0.84094
1.36868
0.235782
-1.29794
0.295815
1.01632
-0.606411
0.892987
-4.26452
-1.49893
2.71836
-0.972806
2.35311
0.0600916
-1.29756
0.550166
0.29336
-4.37151
4.34145
-2.02888
2.02065
-0.0652742
-2.15253
3.27703
-1.47176
-3.59347
2.16435
0.651198
-1.86322
-4.5921
6.26727
1.0044
-0.564594
-4.60947
1.47002
-0.595985
-2.97059
4.93465
-1.10693
-1.88543
0.941229
-0.664884
-1.80208
3.17827
-0.58471
0.240122
0.0567859
-0.0216779
-0.55798
-1.68399
1.53042
0.359544
1.16669
-2.80895
0.770741
-0.292077
0.711586
-0.224687
0.966881
-1.81846
1.02019
2.48065
-4.2503
1.72601
0.629169
0.178622
-0.783596
-2.78781
3.65973
-2.34324
3.06696
-3.95381
2.72084
0.476051
-1.6226
2.4794
-2.10558
-3.53796
-1.49799
2.61242
-3.92745
-0.652892
2.52815
-1.12057
3.25675
-1.98567
2.46533
-2.96468
-1.37648
1.89115
-2.22655
4.22357
-2.11736
-1.71479
-2.05858
2.22463
1.17394
-1.47862
-1.23759
2.70391
-3.73586
4.60475
-4.93809
1.78108
0
-0.26645
1.70232
-3.63218
-0.75707
0.475582
1.13119
0.257979
1.63827
-2.98761
-2.13193
2.15123
0.488873
-1.92924
2.32609
-4.09753
0.0858185
0.788098
0.944138
0.142707
-0.210587
-1.20805
1.10228
1.66887
-4.4167
1.83634
1.74432
-2.10404
0.381316
0.269758
-1.84662
-0.724966
0.870754
1.53434
-2.30606
0.0145433
-2.81881
-0.489753
1.02251
0.674842
3.61043
1.21897
-1.96166
1.28205
-1.04039
-0.138848
2.37011
-1.52661
3.34378
-4.10797
2.26973
-0.929355
1.42465
-2.67589
1.56918
-3.05986
-1.29748
-1.23512
3.16694
3.99333
-4.24702
0.356441
-1.0221
-0.281398
-0.82358
0.203829
0.21893
-4.65133
3.41211
2.26918
0.795613
-6.50792
5.35829
-5.72298
3.16794
0.0589623
-0.640691
0.666087
1.04708
0.467501
-0.494517
-1.57439
-0.0725005
1.99355
0.568318
-4.2027
3.54883
0.228735
-1.09523
1.0313
-1.72515
-3.05006
1.44706
-0.971666
-0.860372
3.20336
-2.87699
-3.15965
4.24326
-3.96791
1.04275
0.590508
-1.86457
0.122717
1.63401
0.787853
-1.21303
1.52846
0.768435
-2.37485
0.254508
-3.58352
2.74746
-3.81885
1.87588
1.89002
-0.620755
-0.990454
0.754351
-2.1139
3.03186
-5.1182
1.57791
3.16745
-1.45368
-1.36188
1.46553
-0.153229
0.666138
-0.49557
-0.504676
2.07914
-2.71497
2.14327
-0.712711
0.56797
-0.226923
-5.45897
0.397322
0.347993
-0.607287
-4.42177
5.74915
-2.06398
0.812772
-1.32168
1.52551
-1.11284
0.217108
-0.778378
0.146908
-1.94633
-0.250143
3.47332
-0.365979
-0.304392
0.905203
0.167785
0.329193
-0.296011
0.697979
-1.9104
0.303389
-0.446102
3.86736
-3.84966
0.270705
1.30624
-8.43734
4.17175
-0.937909
0.641219
-4.08388
3.41133
1.55468
-3.82614
0.0596659
-0.613033
-0.891082
0.719689
-1.16807
0.36762
4.38217
-3.73729
2.41141
-3.36453
0.507913
2.17676
-2.08964
-0.50365
2.68128
-2.29747
-0.36398
4.42882
-1.63692
0.19869
-3.96269
0.529715
3.06562
1.15076
-0.702384
-0.976392
-0.459429
1.79641
-1.65722
0.498936
-0.462997
1.79867
-5.47071
2.9384
0.912684
0.343141
-1.51288
-0.0928903
1.37701
0.441645
-0.0513912
-2.69409
1.87559
0.0721241
1.66307
-4.39649
5.80444
-4.44715
4.16911
-0.601751
-1.66341
0.349142
-0.20435
3.23324
-3.23091
-0.234141
2.95539
-3.01399
2.43546
-1.79877
1.96532
-0.314742
1.68499
-1.4353
-0.407777
-2.55931
1.64512
3.11197
-2.1347
-2.33689
2.53359
-1.41114
0.0938967
-0.15134
0.617284
3.19369
-0.734341
0.886423
-2.66992
0.369905
2.10131
-2.78824
1.23609
-1.39881
1.67532
2.43477
-2.78261
-4.22052
1.2486
1.87633
-3.79623
1.93576
-0.480806
-2.145
-0.395928
1.50338
1.22455
-7.41237
1.08655
-0.925049
3.98615
-0.963682
-0.238975
-0.282745
2.07388
-0.0631092
-2.58714
1.45463
-2.39883
-0.683798
0.792151
2.82641
-3.56659
3.83275
-1.81978
1.23786
-2.77379
3.73477
-3.13484
2.35958
-1.18868
-1.50924
3.07614
1.04383
-0.945317
1.77365
-1.15877
1.33569
-1.22904
-2.84917
3.40186
-1.32384
1.40116
-4.20162
4.18829
-0.147254
-2.89332
0.135084
0.352668
-1.30878
1.55296
0.261742
-4.17259
0.62724
2.44461
-3.13932
2.95313
-0.662013
1.43109
1.03653
-1.2813
2.45091
-3.26968
1.783
2.60003
-2.11579
-3.1452
3.39424
2.32405
-0.635623
-1.51998
-2.80402
3.05055
-1.95915
0.525356
2.35294
4.07826
-3.65497
-2.37496
3.29253
-0.183003
-7.24454
-2.16143
2.49499
1.34668
2.18195
-2.86156
-2.03855
4.27201
-1.51745
-3.39272
0.630178
0.960922
-1.21169
-1.61528
-0.200699
-0.656264
-4.30563
7.473
-2.30411
-1.00943
0.8941
0.386211
-1.21951
1.9026
-2.35122
-2.32644
5.11364
-1.88118
-0.83673
1.51066
0.536316
-2.10488
1.65067
-0.326418
-3.36181
0.203252
-0.13366
-2.85999
2.05987
0.715498
-1.59448
-1.2434
2.52651
-3.59334
1.78532
-1.73637
3.10055
-2.89616
1.82495
-0.889052
-0.535882
0.624495
-1.73298
1.0058
-0.77726
-0.506348
-0.57095
2.09936
-3.90608
3.68568
-4.27776
1.71126
-1.9146
0.267298
0.645957
2.8296
-1.83459
-0.0290994
-2.07331
-0.12919
-0.727489
0.657467
-4.03477
3.44828
-1.53568
2.40656
-2.07354
-0.231918
1.72818
-1.62014
-1.72648
-0.749091
2.50352
-2.96006
2.78115
-0.610062
0.40465
-1.93419
2.26062
-1.10994
-0.430092
-2.62504
4.03804
1.24389
-0.693868
-0.776995
-0.261078
0.380506
-2.5448
-0.798916
0.256337
0.756975
0.0379881
-0.98753
2.36936
-2.88803
4.15044
-2.59632
-2.58112
0.466099
2.47363
-2.85631
-6.70115
4.78433
-1.26074
-0.441266
4.84562
0.846283
0.335008
-1.82419
1.66453
-0.860585
0.589134
1.44624
-0.121307
-2.83274
4.90983
-2.49239
1.28835
0.582115
2.60695
-3.03098
0.745845
-1.51766
3.97512
-1.20802
-1.25367
1.91106
-2.86091
0.0869376
2.20176
-2.30129
-1.10286
0.463128
1.83513
-3.3152
0.799884
-0.866021
-0.855879
-0.330227
0.96
-1.70417
2.47964
-3.37309
2.25499
4.31457
-7.18268
1.10813
0.820023
-0.610429
3.81185
-3.91207
-0.755613
0.93592
0.384473
-1.0931
1.55538
0.96
-1.1065
4.55223
-1.02218
-1.33353
-2.6457
3.13938
-3.01274
0.88172
-1.1819
2.17873
-1.94858
-1.01935
0.57992
-1.00473
0.238975
-1.55867
3.51917
-4.34223
-1.11707
-2.38452
4.8097
-2.8036
0.256298
1.19674
-0.341992
-2.60185
1.05
-1.78164
0.839346
-0.613268
1.894
2.41173
-2.6548
2.27739
0.304533
0.853828
-1.35995
-1.15908
0.208768
1.40616
-3.67808
1.9746
3.22414
-1.70091
-3.58163
0.533449
-1.02587
2.7545
-2.06352
-0.250405
1.74573
1.13129
0.555127
0.429246
0
-3.23154
2.02737
-2.55948
1.00604
-0.910813
0.593451
-1.74653
2.25963
-2.87958
-3.67689
1.01167
2.11846
-1.83604
-1.42303
-1.35495
-2.04731
1.05529
1.33324
0.834873
-2.90035
2.71967
-2.41441
0.144718
-3.66239
-1.04512
0.766603
2.18452
0.779183
1.23792
-6.82902
-2.23194
2.17082
1.61711
-0.413284
0.451751
-1.45741
-0.281345
1.4015
1.56654
-0.63643
-0.201042
-0.997488
-2.15382
2.82849
-3.88713
2.01055
-0.666873
-1.57367
-2.21916
2.90429
-0.244692
4.52334 mops/sec
Height of tree: 4
44.7578 % of utilization
