4648220777580764672
4648220777591405312
4648220778013333376
4648220778033390976
4648220778130273792
4648220778442233600
4648220778539771392
4648220778661770752
4648220778970497792
4648220779117523712
4648220779231232896
4648220779532727936
4648220779676098304
4648220779732596480
4648220779873450624
4648220779937750272
4648220779995488256
4648220780124777984
4648220780192422016
4648220780261239680
4648220780395797504
4648220780464011776
4648220780527746432
4648220780657642240
4648220780734266240
4648220780805421184
4648220780944195584
4648220781014051712
4648220781110315264
4648220781228679040
4648220781292061696
4648220781388564480
4648220781510006528
4648220781573666816
4648220781661596160
4648220781785716480
4648220781844463872
4648220781934841600
4648220782062531840
4648220782149350016
4648220782217859584
4648220782331723264
4648220782424520576
4648220782496259456
4648220782617481088
4648220782708863360
4648220782786938240
4648220782909528064
4648220782996028544
4648220783076891008
4648220783196626944
4648220783294769792
4648220783368273408
4648220783484660224
4648220783568700800
4648220783642065024
4648220783771841152
4648220783843509760
4648220783933424640
4648220784074718080
4648220784138336512
4648220784215209984
4648220784352972544
4648220784411620608
4648220784477916032
4648220784604594176
4648220784674036224
4648220784747921920
4648220784885009664
4648220784975269504
4648220785046779776
4648220785168050048
4648220785256229248
4648220785328319872
4648220785446447616
4648220785534135552
4648220785597611008
4648220785727923968
4648220785821857280
4648220785899418496
4648220786021298688
4648220786111074944
4648220786202161920
4648220786293781632
4648220786388947200
4648220786490377216
4648220786581379840
4648220786675280768
4648220786788153344
4648220786865445376
4648220786963865472
4648220787078253440
4648220787149427072
4648220787243529344
4648220787362571520
4648220787439937152
4648220787540236544
4648220787664752512
4648220787731578112
4648220787834724864
4648220787937972352
4648220788032965888
4648220788129879808
4648220788246655232
4648220788338263936
4648220788433104896
4648220788540989184
4648220788619542528
4648220788710655872
4648220788822314112
4648220788913046784
4648220789017351168
4648220789131042560
4648220789217663744
4648220789310897536
4648220789423735808
4648220789505687808
4648220789598673792
4648220789715770496
4648220789792170368
4648220789887098880
4648220790006311680
4648220790090556800
4648220790185810944
4648220790301398400
4648220790392401920
4648220790475394560
4648220790584562176
4648220790674690560
4648220790762631680
4648220790894376320
4648220790977071232
4648220791066203136
4648220791180517376
4648220791269578112
4648220791371202176
4648220791471642368
4648220791544416640
4648220791640764160
4648220791745015680
4648220791832050176
4648220791937819648
4648220792041745792
4648220792145560064
4648220792217343488
4648220792324635648
4648220792433004416
4648220792515438080
4648220792627705728
4648220792734691456
4648220792814862336
4648220792928491520
4648220793027176704
4648220793102938880
4648220793208350464
4648220793304870400
4648220793398619136
4648220793492421120
4648220793598491648
4648220793690406144
4648220793770130688
4648220793892684672
4648220793981331712
4648220794072945664
4648220794194172032
4648220794274699648
4648220794378029184
4648220794495918976
4648220794569342208
4648220794668074496
4648220794765072256
4648220794849432192
4648220794965316736
4648220795058259328
4648220795146981376
4648220795243852288
4648220795342314496
4648220795437022336
4648220795544211456
4648220795641137408
4648220795744742400
4648220795833004928
4648220795936792960
4648220796029959296
4648220796116582400
4648220796230181888
4648220796325024384
4648220796406554368
4648220796508615552
4648220796618845056
4648220796706390272
4648220796828744960
4648220796933469184
4648220797020979200
4648220797131345280
4648220797233847552
4648220797317396352
4648220797420296832
4648220797516361088
4648220797610664192
4648220797721870336
4648220797808851968
4648220797905017984
4648220798010538880
4648220798100176128
4648220798193898368
4648220798313667968
4648220798414125056
4648220798513620480
4648220798626783744
4648220798725469440
4648220798816516480
4648220798915809152
4648220799011935872
4648220799098638720
4648220799201560064
4648220799295728384
4648220799389649920
4648220799522323712
4648220799608362752
4648220799694954624
4648220799818126336
4648220799911416064
4648220800010753024
4648220800160951936
4648220800232962304
4648220800333442048
4648220800449791744
4648220800521166208
4648220800633191296
4648220800765011840
4648220800846896640
4648220800956626944
4648220801102106880
4648220801172648960
4648220801280480640
4648220801400991616
4648220801473104896
4648220801589182848
4648220801711064704
4648220801789078528
4648220801904035200
4648220802030086912
4648220802107265024
4648220802224422272
4648220802351804800
4648220802436104960
4648220802549892224
4648220802649185280
4648220802732546176
4648220802835081472
4648220802940430976
4648220803031257472
4648220803126852480
4648220803231318144
4648220803321322624
4648220803419368448
4648220803521725184
4648220803606337664
4648220803697336320
4648220803816519552
4648220803927541248
4648220804014463872
4648220804130414976
4648220804242441856
4648220804343201280
4648220804432790144
4648220804560005888
4648220804646839808
4648220804746680320
4648220804867176320
4648220804940450304
4648220805031361920
4648220805143180416
4648220805234988672
4648220805331018240
4648220805458694528
4648220805552766848
4648220805645982464
4648220805742108032
4648220805840041728
4648220805940434688
4648220806034390528
4648220806135515264
4648220806248775680
4648220806343241984
4648220806447231232
4648220806540394112
4648220806646879488
4648220806736077824
4648220806840390656
4648220806946535680
4648220807035944448
4648220807135672064
4648220807246084864
4648220807327800320
4648220807434279296
4648220807548332416
4648220807637638016
4648220807745822720
4648220807867549440
4648220807943792000
4648220808071894784
4648220808188377088
4648220808266766464
4648220808375108480
4648220808495029376
4648220808578871808
4648220808667617152
4648220808786745600
4648220808875274112
4648220808963017600
4648220809086748032
4648220809160795776
4648220809272107136
4648220809413931264
4648220809488329984
4648220809580136960
4648220809701191680
4648220809775003008
4648220809879563520
4648220809992067840
4648220810069382400
4648220810197818752
4648220810288640000
4648220810379916672
4648220810501864832
4648220810588590976
4648220810703154816
4648220810802526336
4648220810899867264
4648220811008882304
4648220811107790976
4648220811213866752
4648220811315325056
4648220811414969984
4648220811553232768
4648220811631965568
4648220811731739008
4648220811851698048
4648220811938475008
4648220812041762304
4648220812157757440
4648220812250384768
4648220812366458880
4648220812489142784
4648220812592070912
4648220812704472448
4648220812818931968
4648220812928231552
4648220813021295616
4648220813135577088
4648220813233918208
4648220813340538368
4648220813443607040
4648220813546238208
4648220813666372864
4648220813777299200
4648220813875530240
4648220813973351296
4648220814101994624
4648220814178542080
4648220814284157184
4648220814401453696
4648220814489549568
4648220814603849600
4648220814710348800
4648220814804364544
4648220814902193792
4648220815027334656
4648220815103911680
4648220815218897920
4648220815344441728
4648220815414492928
4648220815552940416
4648220815663783168
4648220815744731008
4648220815868432256
4648220815965995264
4648220816045590528
4648220816161218432
4648220816256516736
4648220816330402432
4648220816472779008
4648220816570835840
4648220816663709824
4648220816811100160
4648220816912153216
4648220817006544512
4648220817163942272
4648220817260031360
4648220817338910592
4648220817478101760
4648220817553947520
4648220817653435904
4648220817786749440
4648220817879286528
4648220817989974016
4648220818107743616
4648220818216505344
4648220818344211584
4648220818442415360
4648220818541360384
4648220818667768192
4648220818774344448
4648220818888457216
4648220819019526400
4648220819114748416
4648220819213073664
4648220819320684544
4648220819413532032
4648220819522786432
4648220819631302272
4648220819732005504
4648220819845020928
4648220819949822592
4648220820049225216
4648220820174052992
4648220820276869888
4648220820364878080
4648220820489410432
4648220820607162368
4648220820698124800
4648220820829010944
4648220820927248384
4648220821014853120
4648220821136678400
4648220821236299904
4648220821330079872
4648220821441253248
4648220821570409984
4648220821680321792
4648220821766833920
4648220821883472896
4648220821993627264
4648220822080129920
4648220822210007040
4648220822320911232
4648220822409064960
4648220822505248512
4648220822615030912
4648220822700046976
4648220822810112896
4648220822928152192
4648220823007837824
4648220823137504640
4648220823248354560
4648220823329100416
4648220823474754176
4648220823587113984
4648220823667795584
4648220823813792512
4648220823918481536
4648220823998027648
4648220824136358016
4648220824232445440
4648220824322819712
4648220824451931264
4648220824561767168
4648220824668886528
4648220824799832320
4648220824908717184
4648220825003253376
4648220825112903040
4648220825228537600
4648220825326906752
4648220825438283392
4648220825554572032
4648220825647769600
4648220825738843776
4648220825843591168
4648220825944230272
4648220826036605312
4648220826134509312
4648220826250343808
4648220826336664192
4648220826443363712
4648220826549810432
4648220826646099712
4648220826754470144
4648220826865959296
4648220826961839104
4648220827064039168
4648220827168626432
4648220827269118848
4648220827373711232
4648220827485804928
4648220827583715840
4648220827677043968
4648220827795298048
4648220827909295360
4648220827998268032
4648220828113708672
4648220828221275776
4648220828298326272
4648220828428120192
4648220828522538752
4648220828614537984
4648220828725168256
4648220828822557696
4648220828900139264
4648220829021302528
4648220829122031104
4648220829200667008
4648220829323464576
4648220829427513600
4648220829510928256
4648220829618803072
4648220829702739456
4648220829817968512
4648220829928398592
4648220830018656256
4648220830123270400
4648220830225160448
4648220830336048640
4648220830421310464
4648220830545763456
4648220830669671168
4648220830742495744
4648220830865063552
4648220831002922880
4648220831072057088
4648220831216666880
4648220831331330048
4648220831409239040
4648220831539320192
4648220831633522688
4648220831722905088
4648220831817207296
4648220831929218560
4648220832022550016
4648220832125477760
4648220832236729984
4648220832314920320
4648220832432226560
4648220832549636352
4648220832624086144
4648220832757901824
4648220832865986304
4648220832953900928
4648220833106004096
4648220833217828736
4648220833310294784
4648220833454217344
4648220833561703552
4648220833650249600
4648220833763414528
4648220833871577600
4648220833963242752
4648220834070412160
4648220834182294784
4648220834276662656
4648220834419105024
4648220834518716032
4648220834623244032
4648220834733017088
4648220834836308480
4648220834933440000
4648220835047423616
4648220835135033600
4648220835255095936
4648220835377320576
4648220835472884352
4648220835554786304
4648220835675864960
4648220835786993920
4648220835865903744
4648220835988893952
4648220836103347072
4648220836175928064
4648220836310565376
4648220836407686656
4648220836491698560
4648220836616102400
4648220836708180480
4648220836794132352
4648220836936360576
4648220837031249920
4648220837119107712
4648220837269344640
4648220837341868928
4648220837440828032
4648220837582992256
4648220837664464768
4648220837767825792
4648220837902475776
4648220837971841920
4648220838079875712
4648220838206967680
4648220838287331328
4648220838400829056
4648220838539718144
4648220838636955008
4648220838717093888
4648220838833800832
4648220838940983424
4648220839027182080
4648220839157574016
4648220839287159296
4648220839369195264
4648220839500436224
4648220839625832320
4648220839716963072
4648220839832184192
4648220839949073408
4648220840048221952
4648220840169498880
4648220840273071232
4648220840353973632
4648220840477460480
4648220840580985856
4648220840681194752
4648220840813057024
4648220840929437952
4648220841013841664
4648220841137030912
4648220841244113280
4648220841333500544
4648220841459243264
4648220841565242112
4648220841645077248
4648220841764075264
4648220841877567488
4648220841956683392
4648220842080188800
4648220842201859840
4648220842270611328
4648220842395507072
4648220842527361152
4648220842607865856
4648220842732007168
4648220842854228352
4648220842920281472
4648220843032368128
4648220843157585536
4648220843238142336
4648220843355790464
4648220843485108224
4648220843556902272
4648220843700998912
4648220843789152768
4648220843851931136
4648220844022557056
4648220844105394432
4648220844179167872
4648220844336344448
4648220844428361344
4648220844504125440
4648220844673232896
4648220844785562880
4648220844867501952
4648220845006673792
4648220845109728128
4648220845186087168
4648220845324584960
4648220845426965504
4648220845563515904
4648220845656083712
4648220845758847104
4648220845899046016
4648220845987012224
4648220846108044416
4648220846233775232
4648220846322236416
4648220846414500736
4648220846542398208
4648220846666096640
4648220846733978496
4648220846864263168
4648220846979055360
4648220847059716480
4648220847185300224
4648220847293505920
4648220847398225792
4648220847525259264
4648220847634548608
4648220847739140736
4648220847858587264
4648220847934809216
4648220848048423168
4648220848178993920
4648220848263069824
4648220848398437632
4648220848495344384
4648220848593813760
4648220848738494336
4648220848841350784
4648220848947543040
4648220849083024640
4648220849169388672
4648220849283842176
4648220849437568000
4648220849522311296
4648220849622722560
4648220849741096448
4648220849813198976
4648220849923052288
4648220850036110592
4648220850134534656
4648220850262183936
4648220850380607360
4648220850483284480
4648220850571606272
4648220850708250752
4648220850805710080
4648220850882586880
4648220851038831872
4648220851131776000
4648220851208867072
4648220851347379200
4648220851422658560
4648220851495597056
4648220851632318592
4648220851739562368
4648220851823138304
4648220851969827328
4648220852069043968
4648220852149531520
4648220852276171776
4648220852362973824
4648220852470759808
4648220852608503808
4648220852711295360
4648220852778041600
4648220852897361536
4648220853002172800
4648220853079837952
4648220853211843328
4648220853314970496
4648220853382963968
4648220853521289728
4648220853636569344
4648220853705304192
4648220853836652416
4648220853930000768
4648220854003933696
4648220854137967360
4648220854234748672
4648220854306641280
4648220854422041216
4648220854522164608
4648220854596759040
4648220854717257344
4648220854817461760
4648220854916558208
4648220855026662144
4648220855121494912
4648220855214430720
4648220855332998144
4648220855419778176
4648220855539138176
4648220855674395776
4648220855765602560
4648220855879873152
4648220855983448704
4648220856068149632
4648220856171795328
4648220856295180032
4648220856371598080
4648220856487415936
4648220856621674240
4648220856701341696
4648220856809855104
4648220856930488192
4648220857020425856
4648220857135135488
4648220857248318720
4648220857328387328
4648220857435992704
4648220857536185088
4648220857614954496
4648220857736439040
4648220857849537920
4648220857928145664
4648220858052578176
4648220858169886336
4648220858261508480
4648220858390945024
4648220858501827328
4648220858591485184
4648220858729854336
4648220858834828032
4648220858936080768
4648220859064606464
4648220859164563328
4648220859241758464
4648220859377905408
4648220859475826048
4648220859556930048
4648220859691051264
4648220859793875456
4648220859858023936
4648220860004863872
4648220860109516160
4648220860197047040
4648220860362794496
4648220860480429056
4648220860548780800
4648220860697009536
4648220860790638080
4648220860865454976
4648220861002740736
4648220861100707456
4648220861178418816
4648220861336203520
4648220861413214464
4648220861503254528
4648220861676502144
4648220861747913344
4648220861830734848
4648220861986574208
4648220862053459456
4648220862129095296
4648220862282046720
4648220862349710976
4648220862438411008
4648220862590269440
4648220862667615744
4648220862766657280
4648220862916473600
4648220862986343168
4648220863092575744
4648220863261026688
4648220863334365568
4648220863448500864
4648220863575528960
4648220863658972032
4648220863764655488
4648220863880926464
4648220863966979968
4648220864072438528
4648220864185768448
4648220864288088192
4648220864410031488
4648220864511826688
4648220864598030464
4648220864731452160
4648220864856770176
4648220864939501312
4648220865056039168
4648220865185712640
4648220865259394560
4648220865368039936
4648220865483874688
4648220865554028416
4648220865680313600
4648220865788194816
4648220865872780160
4648220865999359744
4648220866107575424
4648220866183384704
4648220866313734272
4648220866425917184
4648220866505668224
4648220866629672320
4648220866744478336
4648220866840401024
4648220866938338560
4648220867069014912
4648220867159909632
4648220867255174912
4648220867394879488
4648220867490492800
4648220867593461376
4648220867736828032
4648220867826957568
4648220867924199296
4648220868061293184
4648220868146418432
4648220868254764288
4648220868381273088
4648220868471886464
4648220868585340928
4648220868697657344
4648220868789458944
4648220868902176128
4648220869030890496
4648220869106245888
4648220869220304512
4648220869345596160
4648220869431761792
4648220869542729088
4648220869681978112
4648220869785855872
4648220869891908864
4648220870028001152
4648220870124393856
4648220870214420352
4648220870333846912
4648220870431205504
4648220870505693440
4648220870625755648
4648220870734827392
4648220870819569792
4648220870936157952
4648220871044185600
4648220871144116352
4648220871253067520
4648220871383611904
4648220871476483712
4648220871585687808
4648220871719315712
4648220871808674816
4648220871919454592
4648220872056025344
4648220872155175552
4648220872256253440
4648220872375225600
4648220872468537344
4648220872584933376
4648220872702650880
4648220872790930688
4648220872921076992
4648220873023495168
4648220873116819328
4648220873246053376
4648220873350074496
4648220873444517632
4648220873577990144
4648220873681949952
4648220873748021760
4648220873880151808
4648220873982270208
4648220874057834624
4648220874174894976
4648220874301104128
4648220874389710336
4648220874510184832
4648220874611107840
4648220874693910272
4648220874811408128
4648220874924197120
4648220875016353280
4648220875131910016
4648220875246550272
4648220875340315008
4648220875473020160
4648220875571814400
4648220875669188096
4648220875791564032
4648220875891902208
4648220875984685824
4648220876095830912
4648220876186154368
4648220876297018752
4648220876413927552
4648220876480243968
4648220876589693440
4648220876706034048
4648220876798078464
4648220876889333760
4648220877009662976
4648220877102918656
4648220877193936384
4648220877339124480
4648220877417613824
4648220877510542976
4648220877658919680
4648220877754255232
4648220877857773696
4648220878003100032
4648220878088899328
4648220878185028096
4648220878298068352
4648220878388491136
4648220878488040832
4648220878601964928
4648220878711298432
4648220878804007296
4648220878930649344
4648220879038887424
4648220879110724736
4648220879242128128
4648220879344872832
4648220879431259008
4648220879554255232
4648220879651244672
4648220879738210688
4648220879844813952
4648220879947877120
4648220880040811008
4648220880162752896
4648220880261589888
4648220880364348160
4648220880503010304
4648220880608327040
4648220880707488000
4648220880816646016
4648220880925454080
4648220881029163264
4648220881126993792
4648220881243493376
4648220881349566208
4648220881446908032
4648220881562740224
4648220881663517952
4648220881754874240
4648220881878040576
4648220881975712256
4648220882069689600
4648220882194008192
4648220882300724736
4648220882386948352
4648220882517953024
4648220882608204160
4648220882704068480
4648220882837277824
4648220882918791040
4648220883014308864
4648220883132486656
4648220883223010560
4648220883313339648
4648220883434836480
4648220883532049024
4648220883626327040
4648220883733135104
4648220883840270848
4648220883951880832
4648220884063095552
4648220884167079808
4648220884296032384
4648220884394818560
4648220884501516288
4648220884599513216
4648220884702419712
4648220884801037824
4648220884914006784
4648220885012860160
4648220885102660608
4648220885214641792
4648220885337286528
4648220885424362240
4648220885544456576
4648220885656492928
4648220885745389568
4648220885887051392
4648220885997176320
4648220886078736896
4648220886213392768
4648220886309817728
4648220886387542784
4648220886522717440
4648220886621288320
4648220886712578176
4648220886843234944
4648220886941564928
4648220887035259776
4648220887160455296
4648220887267829120
4648220887373576576
4648220887482307456
4648220887577358208
4648220887689445760
4648220887800579840
4648220887912182912
4648220888031163776
4648220888115002240
4648220888229001984
4648220888380604928
4648220888457245312
4648220888569545600
4648220888707934208
4648220888788615168
4648220888880313344
4648220889033690624
4648220889103991424
4648220889205777664
4648220889337722112
4648220889415543168
4648220889507038208
4648220889645581952
4648220889730358912
4648220889818978816
4648220889966167808
4648220890040857344
4648220890123823488
4648220890288408832
4648220890372538240
4648220890456859264
4648220890616370432
4648220890690874240
4648220890815779712
4648220890943464704
4648220891020971008
4648220891146141440
4648220891256469248
4648220891328966912
4648220891465187456
4648220891562456576
4648220891653318912
4648220891784821120
4648220891891396864
4648220891971527040
4648220892109454592
4648220892218568960
4648220892298450816
4648220892432930560
4648220892552808960
4648220892642974720
4648220892783075584
4648220892879731968
4648220892973640576
4648220893105327744
4648220893192369408
4648220893290312704
4648220893412187520
4648220893515572736
4648220893622005120
4648220893742987776
4648220893852646400
4648220893953420544
4648220894079054464
4648220894170490624
4648220894278100352
4648220894419007104
4648220894516290304
4648220894612513280
4648220894742558080
4648220894844486016
4648220894950121728
4648220895063712000
4648220895155952640
4648220895273084416
4648220895382322176
4648220895490628992
4648220895624851200
4648220895713084032
4648220895815373824
4648220895932850176
4648220896023852928
4648220896123921920
4648220896232261120
4648220896339299712
4648220896455283968
4648220896582409344
4648220896682243584
4648220896793078656
4648220896891905280
4648220896993993344
4648220897099854976
4648220897229390976
4648220897331874560
4648220897415703040
4648220897526385792
4648220897639950336
4648220897722182912
4648220897832991872
4648220897946677632
4648220898026160256
4648220898152570368
4648220898255788800
4648220898334862208
4648220898474987392
4648220898555826560
4648220898646452096
4648220898787982336
4648220898871986176
4648220898969796864
4648220899097025408
4648220899176171392
4648220899269173632
4648220899395947008
4648220899486058624
4648220899576002176
4648220899694604544
4648220899791464192
4648220899884773120
4648220900003360768
4648220900106909184
4648220900215033088
4648220900332588544
4648220900465379840
4648220900534012544
4648220900644227456
4648220900776319744
4648220900847504384
4648220900946928512
4648220901083751296
4648220901159275136
4648220901259924224
4648220901389861760
4648220901467559552
4648220901562853888
4648220901705299840
4648220901782946176
4648220901876190592
4648220902021777152
4648220902104445184
4648220902179199232
4648220902321145856
4648220902403016832
4648220902480056064
4648220902630918272
4648220902736244608
4648220902832040192
4648220902959010176
4648220903050999040
4648220903145299072
4648220903272045952
4648220903353675392
4648220903453777152
4648220903590173824
4648220903667475840
4648220903754105728
4648220903899544320
4648220903976889984
4648220904062904192
4648220904198621312
4648220904281084160
4648220904377665280
4648220904546225920
4648220904626842880
4648220904726856576
4648220904854702080
4648220904956127744
4648220905048603520
4648220905172463488
4648220905263539200
4648220905356058752
4648220905488374528
4648220905580778752
4648220905663638016
4648220906302734592
4648220906415437568
4648220906502244992
4648220906627751680
4648220906733937920
4648220906839553280
4648220906935420800
4648220907067394432
4648220907174023552
4648220907262693888
4648220907373884800
4648220907486455296
4648220907571038592
4648220907669181440
4648220907796201856
4648220907885582464
4648220908005178112
4648220908119405952
4648220908215982080
4648220908365549312
4648220908454444288
4648220908565577472
4648220908687031936
4648220908783854080
4648220908895581952
4648220908995371136
4648220909096700032
4648220909226865664
4648220909328647296
4648220909434812032
4648220909555979648
4648220909652300672
4648220909776508160
4648220909911586304
4648220909999121408
4648220910119226752
4648220910264342144
4648220910335473536
4648220910449872896
4648220910566920576
4648220910640388736
4648220910755734528
4648220910874517376
4648220910970795008
4648220911091127552
4648220911225756928
4648220911298978176
4648220911436776576
4648220911550860416
4648220911617524608
4648220911753931008
4648220911873155328
4648220911959507072
4648220912083478912
4648220912184928128
4648220912278053504
4648220912402315264
4648220912500930432
4648220912601680640
4648220912723542528
4648220912844880512
4648220912922324480
4648220913016614016
4648220913155158528
4648220913234203776
4648220913343364352
4648220913492768000
4648220913579586048
4648220913679225472
4648220913821031424
4648220913905516800
4648220913989768832
4648220914124197888
4648220914233061760
4648220914307988224
4648220914465478912
4648220914551207424
4648220914636551424
4648220914793387136
4648220914890953216
4648220914969088896
4648220915114317952
4648220915211613312
4648220915297035392
4648220915432304256
4648220915529369088
4648220915617579008
4648220915745320064
4648220915828115584
4648220915926591232
4648220916053696000
4648220916139003904
4648220916239806592
4648220916374818176
4648220916493369472
4648220916595815936
4648220916747527040
4648220916859649536
4648220916937096448
4648220917078010752
4648220917170956032
4648220917273849856
4648220917440549888
4648220917524973824
4648220917612686464
4648220917758411904
4648220917847704704
4648220917953465472
4648220918109894272
4648220918201155584
4648220918293861632
4648220918434321664
4648220918531489152
4648220918618021888
4648220918772755968
4648220918848505984
4648220918948208000
4648220919104205952
4648220919189729024
4648220919283604352
4648220919446982784
4648220919528001920
4648220919618431616
4648220919779399040
4648220919857384448
4648220919942434560
4648220920094947456
4648220920183325696
4648220920270980352
4648220920420475648
4648220920514015616
4648220920590277120
4648220920737553024
4648220920824275328
4648220920909216512
4648220921077139328
4648220921181415296
4648220921255233536
4648220921396181760
4648220921513384320
4648220921590104704
4648220921733283072
4648220921849440640
4648220921935295744
4648220922069648896
4648220922176877184
4648220922245068160
4648220922360548864
4648220922471730688
4648220922547885056
4648220922650599936
4648220922764223744
4648220922887163904
4648220922988412416
4648220923093983872
4648220923200746496
4648220923305243904
4648220923450676224
4648220923543080832
4648220923637283200
4648220923764376448
4648220923857429376
4648220923955152640
4648220924084754944
4648220924160610432
4648220924247954688
4648220924396671360
4648220924468115968
4648220924553483904
4648220924697696128
4648220924788577280
4648220924881942656
4648220925025122432
4648220925095231232
4648220925201472768
4648220925332351104
4648220925423707776
4648220925511505024
4648220925642650752
4648220925749148032
4648220925844311040
4648220925968927488
4648220926062240128
4648220926159346560
4648220926293410688
4648220926384912768
4648220926477735936
4648220926611256064
4648220926701610240
4648220926809492480
4648220926934846592
4648220927019363328
4648220927103476480
4648220927242563456
4648220927314385408
4648220927411173120
4648220927545697280
4648220927628730240
4648220927736968832
4648220927866116608
4648220927948970624
4648220928057504896
4648220928184066432
4648220928262644864
4648220928382205184
4648220928469496192
4648220928562014336
4648220928673591168
4648220928782098688
4648220928862776064
4648220928976388096
4648220929082973056
4648220929182878720
4648220929292978688
4648220929393521536
4648220929498137600
4648220929629881600
4648220929722301184
4648220929829625344
4648220929948491264
4648220930041042944
4648220930157339520
4648220930269940096
4648220930361611904
4648220930467207168
4648220930588870912
4648220930669474816
4648220930794508288
4648220930938123776
4648220931023760768
4648220931128945664
4648220931284710016
4648220931379614336
4648220931500432256
4648220931621702016
4648220931715593984
4648220931828000896
4648220931954654464
4648220932071676288
4648220932161842176
4648220932262471296
4648220932383922560
4648220932474598144
4648220932591048832
4648220932722771456
4648220932817836672
4648220932916769152
4648220933054983040
4648220933131627136
4648220933243978240
4648220933392104064
4648220933467421568
4648220933572409216
4648220933692148864
4648220933783076736
4648220933899858944
4648220934019962624
4648220934114781312
4648220934230199040
4648220934350009088
4648220934466385920
4648220934555638784
4648220934657106688
4648220934798570368
4648220934886023424
4648220934988772736
4648220935112432384
4648220935207187968
4648220935331560704
4648220935467462144
4648220935574143232
4648220935678873344
4648220935792594944
4648220935877685504
4648220936006967168
4648220936129387136
4648220936223271168
4648220936369080192
4648220936462470784
4648220936556425472
4648220936685254912
4648220936772294656
4648220936860888192
4648220937002644480
4648220937087878528
4648220937177464192
4648220937324538496
4648220937410894720
4648220937501676416
4648220937646347008
4648220937741739008
4648220937844688640
4648220937984995456
4648220938100752256
4648220938199561728
4648220938318754304
4648220938438455552
4648220938536629248
4648220938667352832
4648220938767071872
4648220938845467776
4648220938994261760
4648220939089029120
4648220939180430848
4648220939328300928
4648220939438871040
4648220939540689152
4648220939667923072
4648220939775169536
4648220939869367552
4648220939995681280
4648220940118072320
4648220940199865856
4648220940312859136
4648220940433670912
4648220940500067072
4648220940616184064
4648220940746137088
4648220940830227456
4648220940943240832
4648220941072805376
4648220941160545024
4648220941255303680
4648220941386083584
4648220941493812096
4648220941603180928
4648220941713075968
4648220941814677376
4648220941926650496
4648220942029028864
4648220942139024640
4648220942314302592
4648220942398678528
4648220942505863552
4648220942667940736
4648220942744167552
4648220942832388224
4648220942988931712
4648220943061897472
4648220943168372736
4648220943307445632
4648220943382937600
4648220943492245376
4648220943633671424
4648220943712530688
4648220943834111104
4648220943979633408
4648220944055555712
4648220944179218816
4648220944310474112
4648220944405262976
4648220944553452416
4648220944633119872
4648220944756611584
4648220944901431296
4648220944998514816
4648220945103797120
4648220945230039936
4648220945335449472
4648220945422320640
4648220945558324736
4648220945667199488
4648220945753411968
4648220945881663872
4648220945996207360
4648220946089611008
4648220946219696512
4648220946328104832
4648220946415929984
4648220946551776000
4648220946658974720
4648220946753533056
4648220946876390144
4648220946960954496
4648220947065448064
4648220947195688704
4648220947267806720
4648220947400941312
4648220947533656832
4648220947621765120
4648220947725098752
4648220947879746048
4648220947944754560
4648220948049238272
4648220948196655872
4648220948259607808
4648220948365483136
4648220948480648448
4648220948551681024
4648220948671297024
4648220948783998720
4648220948876423296
4648220948976452096
4648220949098774656
4648220949180452608
4648220949283014400
4648220949414253696
4648220949488340480
4648220949603727232
4648220949719462016
4648220949800780032
4648220949920136448
4648220950029178368
4648220950120252672
4648220950231758208
4648220950332172800
4648220950437186304
4648220950536690432
4648220950650264960
4648220950770745600
4648220950864672768
4648220950967088384
4648220951098316800
4648220951192132352
4648220951290115328
4648220951399847296
4648220951497797888
4648220951589448704
4648220951701536128
4648220951820566144
4648220951899238144
4648220952016923008
4648220952123299584
4648220952220391168
4648220952319712512
4648220952431873408
4648220952533569792
4648220952641002240
4648220952763379200
4648220952871341184
4648220952971030272
4648220953088464128
4648220953192272512
4648220953289944960
4648220953395764864
4648220953495484672
4648220953603754496
4648220953718715648
4648220953818763008
4648220953925030400
4648220954042106112
4648220954131492608
4648220954241051520
4648220954370106880
4648220954460041600
4648220954571924352
4648220954692878976
4648220954779939712
4648220954892902400
4648220955011695232
4648220955085669632
4648220955192788096
4648220955313717376
4648220955413027584
4648220955521465472
4648220955623410560
4648220955720899968
4648220955841631872
4648220955944421632
4648220956071382784
4648220956181880064
4648220956285212032
4648220956403429504
4648220956519437696
4648220956619634432
4648220956751077376
4648220956855943424
4648220956959362432
4648220957051838208
4648220957175435392
4648220957278182016
4648220957371584000
4648220957511033088
4648220957597720192
4648220957691752960
4648220957846204672
4648220957950023168
4648220958043321856
4648220958177468928
4648220958273896192
4648220958372666368
4648220958533058048
4648220958638750080
4648220958725823872
4648220958882635648
4648220958976122496
4648220959060304640
4648220959193291008
4648220959306792192
4648220959381106048
4648220959520534016
4648220959603506176
4648220959680603776
4648220959844681216
4648220959923005056
4648220959993988480
4648220960157907584
4648220960233328640
4648220960308569088
4648220960470539008
4648220960565787264
4648220960640019200
4648220960826397568
4648220960923522432
4648220960993588992
4648220961140660608
4648220961235879808
4648220961323360768
4648220961495696512
4648220961578580096
4648220961667845120
4648220961850884864
4648220961924846848
4648220962017173376
4648220962178255360
4648220962253942784
4648220962356335104
4648220962498029824
4648220962591300096
4648220962690143616
4648220962815598080
4648220962916198016
4648220962993414400
4648220963133576704
4648220963212695040
4648220963291133184
4648220963444558464
4648220963544697728
4648220963633194368
4648220963747313536
4648220963853100928
4648220963950939904
4648220964097515392
4648220964194179968
4648220964278399744
4648220964430424192
4648220964524295552
4648220964626988928
4648220964754687872
4648220964849784064
4648220964949459072
4648220965061256704
4648220965183970560
4648220965297287296
4648220965413198848
4648220965545842560
4648220965659129984
4648220965770276992
4648220965888638720
4648220966031908864
4648220966160208512
4648220966246819328
4648220966381915008
4648220966485423104
4648220966558485504
4648220966722709248
4648220966822878464
4648220966902583680
4648220967055275136
4648220967148061952
4648220967225913344
4648220967365055872
4648220967472737024
4648220967548760320
4648220967696295936
4648220967789364736
4648220967876369152
4648220968009526784
4648220968118516608
4648220968210814208
4648220968349742080
4648220968465569024
4648220968547337984
4648220968685513728
4648220968802213376
4648220968891818368
4648220969046212992
4648220969166022912
4648220969251262720
4648220969382044928
4648220969481447168
4648220969592642176
4648220969715660672
4648220969827206912
4648220969939265536
4648220970063875584
4648220970165786752
4648220970283149696
4648220970390580608
4648220970475958656
4648220970615369600
4648220970725508352
4648220970808457856
4648220970949346432
4648220971062278144
4648220971149679232
4648220971264400640
4648220971369102080
4648220971442351616
4648220971570133632
4648220971671456000
4648220971745046528
4648220971867600896
4648220971977118080
4648220972062468480
4648220972195426560
4648220972297726976
4648220972389164800
4648220972507706496
4648220972614640384
6.53914 mops/sec
Height of tree: 4
35.9674 % of utilization
