-47.6327
-43.5333
42.2757
-42.3407
-40.5618
38.1263
-38.274
-35.9222
34.2642
-34.4194
-26.954
24.6377
-25.1146
-30.6318
19.1989
-18.3879
-32.4873
17.8598
-21.6359
-27.8777
19.1754
-18.9426
-28.1858
8.56169
-13.041
-27.1073
11.5511
-15.6993
-32.1216
16.7718
-15.1478
-25.5501
0.478226
-7.21389
-11.7808
-8.42734
-9.35438
-10.6606
0.374953
-25.388
-0.729433
-2.38999
-25.6965
-4.31355
2.86976
-29.0679
-7.78635
7.82229
-29.1873
-9.93073
4.39295
-23.904
-13.6563
9.62144
-30.0398
-14.2612
7.34174
-20.305
-21.7017
19.6691
-26.7398
-23.8339
22.2744
-29.4083
-23.9341
22.7191
-28.4946
-17.6893
14.3822
-26.9816
-20.3232
12.3456
-25.0457
-19.5118
11.9877
-14.6902
-23.7002
3.79356
-12.4824
-23.4932
0.856862
-12.9803
-18.7362
10.1405
-15.8092
-27.6197
12.3859
-13.9463
-28.5984
14.0268
-18.8632
-23.8642
15.064
-23.1919
-3.62802
-10.8907
-15.2936
-7.8404
-6.00532
-14.3677
-14.7624
2.41757
-14.2028
-19.9301
20.7094
-25.9216
-29.129
24.9787
-26.6887
-29.1156
19.5638
-18.3087
-31.5482
14.8732
-18.9238
-9.47959
4.3809
-26.8932
-12.5036
12.2418
-14.4406
-27.8236
3.49296
-3.2432
-29.6959
-1.6932
-5.01831
-25.3668
-4.50945
-3.7114
-19.6182
-6.56918
-9.51584
-12.9995
5.4343
-21.545
-19.632
6.89033
-15.6707
-23.8747
14.1035
-20.7663
-20.2648
17.2291
-26.8677
-25.3435
27.2748
-28.4109
-26.9603
23.5307
-27.0205
-27.5968
22.0804
-24.9892
-29.2226
24.395
-32.5456
-20.3088
18.413
-30.6898
-25.3489
25.0037
-28.5081
-22.509
20.2329
-27.161
-22.3896
18.4577
-29.849
-19.334
14.1071
-23.0775
-26.211
12.6405
-13.5117
-27.8939
8.9645
-12.5198
-27.6273
18.2005
-20.8318
-33.8091
18.0944
-19.1582
-30.3454
13.8644
-16.2822
-27.4019
7.57333
-13.061
-24.9925
7.48952
-14.3606
-20.7983
-1.80624
-9.36251
-11.0129
-5.14567
-18.0618
-2.0286
-8.98208
-12.748
0.262009
-18.1665
-12.7229
-2.88819
-18.2874
-12.1092
0.220686
-6.5259
-24.0877
-0.890933
-10.2924
-20.9364
0.364511
-12.6187
-20.1905
4.69127
-19.1691
-13.8326
5.64423
-23.3055
-13.9242
6.32091
-21.4463
-11.7533
0.30167
-17.6665
-10.6603
-3.35413
-17.1505
-14.1086
5.30193
-21.2013
-17.7834
9.31818
-27.3601
-13.6181
7.70476
-21.3046
-7.47455
2.26412
-15.5591
-22.7201
14.7985
-18.5795
-18.8861
13.4447
-16.7912
-23.3669
11.7109
-13.3939
-28.3815
7.88227
-7.16424
-29.053
6.30417
-9.01325
-29.3883
2.10029
-2.41
-23.6475
-9.74906
2.84329
-26.3079
-4.99084
4.33731
-29.767
-6.99167
6.44852
-33.4919
-2.20631
2.78879
-27.7249
-4.22382
-1.87431
-21.8461
-2.67301
-7.28242
-14.4297
-3.81875
-9.3163
-3.35413
-19.5837
-4.58811
-3.38971
-26.6312
0.30094
-1.01598
-30.4044
-0.992241
-0.544078
-30.1835
-3.05045
-2.72074
-29.5703
1.25197
-2.75505
-17.488
-13.2461
14.0347
-18.0363
-32.342
24.8828
-29.6272
-28.9333
24.4099
-26.1298
-31.0264
26.5522
-26.4637
-27.5528
27.0788
-28.4963
-27.5649
24.6461
-27.6248
-24.6828
19.2108
-22.6562
-15.6657
6.3635
-12.3263
-29.8142
5.85834
-6.18938
-30.3921
3.79471
-7.11807
-28.194
-2.70694
-3.72017
-15.9121
-12.8304
-2.86428
-14.2142
-18.2993
5.40234
-24.8285
-8.59363
2.09412
-21.3631
-17.4583
4.72406
-17.5039
-18.0919
2.62487
-8.69504
-22.2944
1.12644
-6.14894
-21.241
-8.21169
4.52984
-29.4002
-9.23771
7.9742
-28.388
-9.34232
6.63581
-12.6742
-23.1807
15.2204
-16.7374
-19.1985
7.85982
-15.1172
-17.5733
2.88214
-21.1919
-8.37453
-4.4057
-11.7825
-16.0072
-5.9129
0.845028
-21.7491
-13.9687
3.5552
-21.2274
-9.77886
-2.13681
-20.6943
-2.25352
-5.49635
-25.6674
8.77193
-14.6305
-28.105
5.4288
-10.5286
-26.2361
12.9272
-22.0696
-10.2219
4.90399
-9.28849
-19.0544
-10.4253
-6.5759
-17.1585
-9.35769
-5.73178
-10.7652
-11.0493
-7.31181
-14.1048
-10.7951
-7.31222
-16.4363
-10.842
3.89898
-23.9897
-12.6721
8.58081
-24.7959
-12.0979
6.03207
-26.7898
-9.84441
7.1806
-29.1383
-4.96844
-1.76118
-14.5228
-2.89144
-8.63707
-21.7532
-1.16016
-1.98656
-20.7662
-8.2619
-2.92945
-19.1871
-0.803242
-13.0598
-18.7571
2.53687
-7.25954
-23.0194
-3.62313
-6.11723
-20.7487
-1.88624
-11.9865
-15.9375
-5.63465
-6.09096
-18.4529
-1.38366
-15.4293
-18.1864
-0.206347
-7.2425
-26.691
-1.31339
-3.68144
-17.2439
-7.13521
-1.47155
-17.1945
-13.2406
-4.80968
-13.4543
-10.198
-6.84461
-16.9735
-4.29993
-13.5211
-9.76217
-6.43434
-6.99962
-16.3508
-11.8193
0.792785
-18.6919
-16.0772
4.82759
-17.8868
-19.4654
4.07342
-15.9197
-22.3386
6.5858
-10.4663
-17.5624
-0.583672
-15.2619
-7.82114
-7.60941
-16.3947
-6.09792
-6.42915
-20.0146
-1.8276
-8.01465
-24.095
12.1021
-19.6751
-24.9819
12.3433
-15.9192
-25.1285
20.1349
-22.1148
-24.0279
10.5855
-16.0605
-18.7061
15.4661
-28.2402
-19.7681
17.7254
-27.5183
-19.4907
20
-29.7236
-20.496
15.6764
-31.3323
-12.4184
9.07194
-19.3576
-13.9637
4.93127
-26.6814
-12.6691
7.02319
-26.9764
-11.3074
6.9569
-29.2485
-5.68338
-1.18361
-19.0083
-4.47707
-12.3292
-15.8364
1.12579
-11.0288
-23.2526
19.2904
-27.4804
-25.6155
23.4755
-28.6944
-26.8749
22.8076
-28.6023
-22.9269
20.0605
-24.2293
-21.1306
10.4548
-14.069
-27.523
13.4279
-14.2743
-34.5143
15.7598
-15.1167
-30.0305
18.0457
-21.2262
-25.7869
15.2412
-16.4574
-27.1503
13.7784
-16.3195
-26.2359
12.5578
-18.705
-21.566
12.8201
-17.0115
-18.5152
4.54124
-16.1132
-14.7559
-1.03019
-8.7023
-25.6265
10.3353
-9.36366
-34.0389
6.87667
-9.58248
-26.2657
4.66074
-4.70879
-30.4289
-0.306167
-3.74482
-27.9652
-0.687057
-3.20197
-29.9031
3.01409
-9.87131
-22.7401
4.83408
-15.8026
-19.2782
11.0708
-27.3874
-14.1859
11.1087
-23.0997
-22.4756
21.2618
-26.584
-23.7427
12.0255
-13.9819
-19.1679
2.16938
-10.7159
-24.8291
1.80492
-7.78378
-23.5416
7.36266
-15.7303
-23.8594
13.4487
-19.796
-24.5082
11.1174
-20.1574
-23.1145
14.1264
-17.0646
-25.2043
9.64527
-12.9376
-27.3359
9.22634
-16.5972
-14.0037
0.34359
-3.9982
-29.9281
3.98321
-6.22491
-32.1008
6.06939
-7.93174
-32.1324
5.26982
-7.45991
-30.586
9.13031
-13.7654
-21.6196
5.45751
-20.3286
-7.22127
-7.65948
-17.4722
-6.42136
-7.58239
-12.2398
-5.97953
-9.48779
-20.44
3.07109
-12.0519
-27.4147
11.5973
-16.8105
-11.9512
-1.05549
-12.4028
-15.1951
-3.68486
-13.8255
-5.75148
-6.74314
-26.9222
2.76876
-5.48943
-25.3985
-4.83004
-5.28322
-20.4363
2.13232
-10.647
-20.8028
6.57885
-15.9401
-20.9045
6.79691
-12.2453
-25.833
5.54215
-7.63519
-26.8838
2.81442
-7.70286
-23.9182
2.32387
-11.2799
-20.9327
-3.18647
-10.9623
-15.7695
-6.88522
-11.0139
-13.558
-5.96782
-10.7854
-12.5633
-0.264414
-19.7429
-3.43989
-7.42793
-12.1143
-9.60954
-10.792
4.3969
-21.8984
-2.36656
-6.97589
-17.2208
-5.25863
-4.58229
-20.9537
-0.49016
-1.60038
-26.748
-1.34223
-0.158983
-24.7479
-8.60379
2.80039
-23.8693
-7.96486
-3.30392
-16.5303
-9.9146
-6.36512
-9.43745
-19.3026
2.78847
-11.4529
-18.3641
0.962298
-11.4236
-21.8046
-1.39892
-8.34924
-19.5864
-6.30246
1.8814
-11.8481
-12.692
-7.06928
-14.0636
-13.7775
-1.41343
-15.4021
-11.4885
-6.80027
-8.83589
-12.4431
-9.27322
0.314719
-22.4731
-7.00467
5.1719
-32.0591
-9.72318
9.77662
-22.7498
-21.5149
11.9107
-18.4174
-24.0693
14.15
-23.8867
-20.2228
10.9837
-19.2166
-17.7085
5.1096
-12.8371
-23.4306
11.1805
-19.0634
-13.169
6.67034
-25.1878
-16.2127
12.0346
-23.0448
-11.1119
4.82542
-28.1184
-7.20272
-2.11494
-14.5312
-15.9898
-3.50094
-10.436
-9.78848
-16.6029
-4.87622
-1.3313
-24.5671
-3.70159
-2.47777
-21.0232
-1.77044
-8.40104
-19.7245
-4.00298
-5.11567
-18.0891
-7.21261
3.95526
-29.6737
-7.3325
6.11062
-17.6268
-11.8585
6.10747
-13.8494
-15.0264
-3.54399
-9.98287
-15.241
-2.20698
-11.9049
-9.08292
-16.6137
-3.79103
-11.2581
-17.167
1.40126
-16.5653
-4.42505
-9.97604
-15.5878
-7.26318
-6.89378
-21.6646
-8.39552
-1.43712
-14.5632
-3.93085
-17.5529
-2.56528
-12.0003
-22.7596
9.00156
-16.663
-19.389
0.0524541
-0.151757
-25.2258
-6.42135
-0.552074
-27.5161
-4.47956
2.41352
-29.9071
-4.17299
0.705866
-30.1915
0.199872
-0.330057
-34.8592
0.0357884
1.61795
-32.9728
-4.02236
2.91005
-28.2204
-3.51805
-2.5752
-11.3327
-13.9007
-7.75519
-10.8754
-16.8437
-2.22779
-14.906
-7.85836
-5.49122
-13.3387
-10.1033
-11.2683
-9.88254
-7.74863
-14.5796
-2.54849
-16.1985
-11.3179
0.0371637
-17.0138
-18.9623
7.359
-21.6514
-11.8245
1.32523
-18.3003
-12.8158
1.33617
-2.90132
-22.1085
-5.06376
-4.3811
-18.2263
-6.33119
-0.390937
-19.6464
-17.8541
4.4384
-16.2909
-17.9026
9.84181
-14.081
-25.5085
14.6889
-24.1154
-20.4347
17.8558
-31.8757
-15.2598
13.3338
-27.5419
-14.0617
10.259
-28.6483
-14.5693
11.2743
-19.4883
-25.1918
13.44
-18.2652
-26.0618
10.1104
-11.7215
-34.7195
12.4133
-11.5423
-23.8379
-1.17856
-6.77893
-24.0094
4.5696
-7.99419
-24.3777
8.29184
-11.0777
-34.3873
18.5171
-20.3937
-34.2683
17.1824
-16.0208
-27.8627
13.6214
-19.0919
-21.7833
10.8121
-15.4028
-30.8005
8.5454
-8.9606
-27.0434
2.59934
-7.0944
-25.1082
2.11731
-9.76693
-22.1411
-6.02947
-2.82765
-24.6881
-10.3223
4.35173
-20.7828
-5.16091
-0.731924
-18.088
-13.2648
1.74281
-15.3995
-20.5621
8.87204
-18.0066
-22.8278
12.0062
-19.3199
-20.4902
8.77001
-23.3808
-19.49
15.9277
-27.3349
-15.3021
12.3221
-21.3761
-16.6353
4.27648
-15.9356
-18.8545
15.0292
-30.8351
-7.8642
9.39027
-25.3422
-17.0784
5.8079
-17.2436
-23.5683
18.96
-29.7144
-21.8503
18.0188
-23.1398
-25.9619
13.8143
-14.6476
-26.2537
8.6922
-14.0256
-25.0077
7.85608
-13.6167
-26.7052
8.82374
-15.9597
-20.5683
5.6647
-7.80189
-26.2541
6.50244
-11.1831
-19.6787
5.17957
-13.4286
-18.78
-0.869113
-13.0744
-1.9664
-15.108
-13.9149
-4.66724
-11.8034
-8.80452
-1.78796
-20.6899
-14.3232
12.5198
-28.4224
-17.4776
17.2474
-19.2018
-20.0277
8.22863
-22.2452
-11.5117
-0.0582242
-3.78592
-23.387
11.7936
-15.1453
-23.2783
-0.885279
-4.4826
-20.828
-8.42137
-0.286274
-19.1158
-3.79785
0.70443
-30.2317
-4.97965
1.43422
-22.7704
6.52576
-18.2548
-24.1248
6.93889
-18.6868
-15.8715
8.8048
-27.7643
-12.0786
-0.642785
-19.2651
-10.0829
-1.12401
-17.1479
-18.4974
6.10308
-17.8026
-18.3451
9.5704
-20.9494
-21.2033
8.50251
-17.9047
-17.0646
2.33179
-15.9444
-17.525
1.24853
-18.5427
-19.0131
10.0492
-21.0059
-21.1766
14.6042
-19.5836
-27.1527
15.6286
-21.9352
-22.988
19.9394
-20.0361
-32.6033
19.1257
-21.5301
-30.5145
17.444
-18.76
-31.0059
23.8498
-24.55
-22.557
21.9787
-26.6429
-24.4878
19.2643
-25.3336
-27.6763
16.3734
-21.8618
-29.4198
14.9911
-14.8915
-20.7731
3.80065
-10.8181
-27.7506
5.72883
-10.1148
-23.2125
0.62408
-9.55751
-16.9347
3.02811
-10.3728
-23.5525
3.84868
-15.1309
-15.0699
-2.32436
-12.3606
-12.6607
-6.13678
-3.73457
-20.717
-6.7944
-0.0740138
-24.2465
-9.23167
5.42663
-23.9876
-9.47798
-2.60346
-14.0968
-9.13982
-7.75516
-16.8137
-5.0795
-12.5757
-2.59982
-10.0311
-21.0615
-3.43014
-9.87457
-22.0809
6.05157
-15.1108
-18.6308
4.15017
-13.3003
-23.156
1.65721
-8.02644
1.05247
-21.6544
-12.8666
-0.699932
-11.6477
-17.9872
-1.60645
-14.5948
-15.7883
-7.09983
-7.47297
-6.92068
-14.7376
-14.7302
-3.52319
-4.30372
-25.2393
-0.314098
-4.61216
-27.5857
0.118151
-6.75488
-22.9126
-2.51171
-6.69253
-13.3314
-6.25915
-2.35977
-19.1117
-7.47318
-6.10423
-20.6589
7.04392
-14.8414
-23.3066
21.1972
-23.2283
-29.4315
25.3788
-28.18
-29.2789
22.4051
-26.3104
-29.4152
27.3397
-30.3491
-29.8783
24.6829
-25.7291
-27.965
24.962
-29.3222
-27.7323
19.3648
-22.8084
-27.2408
13.3581
-21.4291
-18.0256
11.8726
-18.8917
-13.5422
8.2838
-23.1578
-18.2157
10.3224
-26.5261
-3.54704
-8.5226
-20.0703
9.59044
-16.3003
-21.6917
8.10928
-19.1915
-20.6836
10.2289
-11.3904
-27.865
10.4683
-16.397
-26.1506
11.8103
-13.1433
-27.4021
13.4735
-19.1601
-18.5637
3.03569
-14.1819
-5.22006
-14.4197
-4.28884
-9.36699
-8.01037
-17.8955
4.88747
-16.7811
-12.4279
6.08103
-23.0763
-13.9224
9.095
-22.9283
-15.9868
5.29085
-15.6398
-21.0204
8.17321
-21.6559
-14.4074
6.45693
-24.9372
-5.54509
0.605884
-25.6182
-2.65771
1.25204
-30.294
-6.32146
4.46166
-30.1997
0.842839
-1.18967
-25.1127
0.0294681
-10.749
-17.9283
1.45313
-9.37361
-13.2243
-13.1238
2.33183
-18.5599
-14.0888
11.4454
-27.3856
-17.3435
14.6647
-24.8482
-20.3798
13.6743
-19.5304
-20.6066
3.95812
-14.1132
-23.5294
1.50927
-8.22262
-20.4853
1.46125
-8.31395
-29.3904
7.31211
-10.0203
-24.5917
3.03052
-10.253
-17.9034
-5.73981
-7.42537
-13.5971
-8.6266
-3.67154
-20.0599
1.55554
-8.61728
-13.4892
-10.0979
-0.640049
-13.7627
-13.8694
5.10272
-21.1936
-13.0447
7.69808
-16.4329
-20.7358
13.5356
-18.3063
-19.7351
7.23084
-20.2645
-9.18962
8.73982
-28.4807
-13.8733
7.31987
-25.3712
-14.1415
9.26362
-29.8948
-11.0157
5.89142
-23.1235
-17.1058
8.92962
-17.1153
-24.9273
14.178
-17.2362
-28.0381
10.6061
-12.0625
-26.5296
1.85973
-7.46223
-24.7871
-0.389907
-9.21751
-25.0523
4.06291
-12.0029
-18.0397
-4.0322
-6.88134
-20.6606
-3.86276
-5.70781
-20.4933
-11.9473
1.45389
-23.0144
-5.91204
-1.21516
-14.8065
-15.2575
-3.24444
-7.16615
-18.5471
-1.55176
-9.45288
-16.9299
3.92187
-16.5253
-20.0497
6.30782
-7.34522
-33.591
10.4269
-12.0604
-29.1827
10.2926
-12.3014
-30.9526
8.87206
-10.6417
-26.6566
6.97989
-11.572
-28.0231
11.9846
-14.0863
-31.5354
10.4694
-12.2208
-32.3835
15.1388
-15.3399
-26.285
8.57388
-12.9599
-23.366
4.92405
-13.2142
-14.2921
-0.0445732
-14.5973
-17.1047
-5.13173
-14.6815
-13.4273
-3.83948
-9.13986
-7.13083
-10.3207
-7.16819
-17.307
-7.85352
-5.50966
-16.0117
-11.9027
-4.17087
-15.4744
-8.00377
-12.0107
-11.3846
0.805975
-23.4078
-8.59981
2.01983
-25.5339
-6.42507
2.47288
-29.8933
-6.24501
4.58689
-23.7818
-13.499
5.4576
-23.6751
-11.7322
3.27405
-20.0868
-13.4526
2.8123
-25.85
-6.21225
3.68094
-26.6873
-7.62082
6.08965
-11.7768
-13.8145
-5.19932
-8.74365
-23.8705
0.604896
-9.71696
-19.6146
-5.24369
-5.43066
-18.3716
-6.10676
-3.39916
-27.9165
6.17699
-13.2782
-17.3338
-0.687209
-13.0947
-19.3393
2.06946
-12.4636
-21.4918
3.82881
-15.9267
-23.1698
19.6735
-23.7282
-22.1134
15.8638
-23.068
-24.8453
13.9809
-18.5706
-29.2315
17.0547
-19.0826
-29.7853
11.7814
-9.0264
-26.5918
4.28083
-7.33348
-21.392
-2.80443
1.47577
-22.0942
-8.74563
-0.958466
-18.0995
-11.3376
-0.898204
-13.0147
-19.4282
4.23372
-20.1742
-11.8432
3.6184
-20.4701
-7.39191
-2.30994
-1.12457
-16.9738
-12.2364
-8.97858
-10.2564
-7.16581
-10.5229
-13.7893
-8.88989
-4.02069
-18.4467
-5.69264
-9.88649
-13.5233
-10.6514
-8.55494
-8.07486
-17.4642
5.87517
-12.1036
-29.8266
9.95205
-10.784
-31.4537
4.8123
-4.95609
-26.8635
-2.4547
-4.3704
-24.551
4.29515
-6.28989
-26.6541
2.59286
-9.03005
-12.444
-7.22919
1.74882
-29.6397
-7.49153
1.77957
-23.0283
-7.38607
-4.56763
-14.3311
1.89397
-11.2986
-21.2516
6.48324
-19.5444
-13.2759
5.83788
-20.6558
-10.5022
7.6155
-32.093
-6.31928
6.47917
-27.5009
-14.3427
15.374
-33.2862
-17.5039
16.6595
-28.5673
-18.9939
16.4464
-28.1422
-17.7143
11.4001
-24.0535
-13.7834
2.45584
-17.2818
-10.1488
-2.5666
-21.0177
3.9723
-15.0813
-22.8923
4.288
-14.9302
-15.2765
-0.939174
-22.7305
-7.27441
5.85771
-24.9868
-4.28422
-4.43329
-18.4872
-10.6948
-0.831947
-19.6747
-7.85371
-3.5307
-22.6344
-6.84546
-2.11773
-24.5026
-4.32325
-0.316899
-29.7563
-0.652096
-3.47084
-26.0255
7.1894
-15.967
-14.458
9.07495
-25.2508
-8.15582
4.31723
-27.5425
-9.46189
3.88231
-25.1267
-11.2621
4.99557
-22.2778
-11.3219
10.628
-17.0261
-17.3274
3.15797
-13.7248
-16.5446
0.66467
-15.5288
-13.7702
-0.720172
-18.7482
-10.4959
1.89651
-16.5614
-11.8152
1.40731
-15.0346
-19.542
1.76875
-12.4938
-17.1139
-0.39307
-12.1321
-16.597
7.30572
-18.2932
-25.4818
4.98139
-6.93529
-28.0003
11.3332
-17.7923
-12.6705
15.9778
-21.6835
-27.4834
18.466
-20.8206
-26.0344
11.2113
-18.7608
-27.2747
16.8825
-19.1511
-32.1434
16.6965
-19.9694
-27.1409
17.2951
-18.9694
-28.8838
16.0728
-24.6722
-10.2181
-2.53695
-22.3651
-3.56833
-2.32713
-28.6999
2.66515
-9.41334
-25.8463
2.56917
-6.65222
-24.4747
1.17222
-13.5028
-16.5849
3.05054
-10.5062
-25.802
6.17636
-13.3799
-23.649
4.77955
-6.41864
-28.0306
5.40719
-6.45968
-25.8675
8.13776
-14.9758
-12.772
2.90236
-26.1612
-10.3252
7.78787
-23.2702
-12.2337
-1.83746
-12.0291
-15.7723
-2.09327
-15.1316
-12.759
-0.319394
-13.6128
-24.7541
7.31172
-16.9414
-18.6532
5.69065
-18.8686
-15.4467
11.5486
-23.7449
-7.61573
3.67695
-28.6513
-10.1827
5.24303
-21.8381
-15.1246
0.997975
-15.3512
-13.0149
-4.48628
-11.7794
-12.9002
4.324
-29.9419
-9.59255
3.49932
-17.2729
-16.6789
14.1255
-23.6656
-0.500326
-2.47313
-26.5286
-6.83458
5.57626
-24.6058
-8.46461
6.5162
-21.2215
-9.64027
5.55349
-17.9729
-21.959
7.9971
-17.61
-19.8658
3.98062 mops/sec
Height of tree: 4
35.9674 % of utilization
