inode_size(29), lnode_size(474)
Insertion starts
5566565
2684078
7758949
4109813
1296059
8900643
6632717
4919849
3371783
1961506
655124
8358963
7178968
9462381
6114028
4534306
3748141
2309724
3039366
1613044
332353
5220528
1013143
8048598
7461523
9195185
5834254
6904821
8626575
9722798
6376605
4326427
4730395
2486956
3544761
2858229
3927318
5394666
838927
2132398
1786930
164186
3202991
493263
1458189
8205991
5068815
7616181
9056927
5955897
7915486
9866760
6757836
8767048
7325158
1162400
9324947
7039010
5696726
9596052
6247006
8501742
6489462
4214868
4432204
3649670
2582814
4628810
4824241
3839044
745217
4017961
3454581
5478427
2404294
2947223
5313345
926762
2045250
2775978
2218407
1705585
1870434
247584
3288369
3123437
8130357
87489
575908
410953
1374345
7837442
8979722
1535701
7535540
8284298
6031637
4993146
5142876
1086000
6832317
7110373
9796843
8428092
9124034
7681709
6560738
7257788
8694125
9392352
1229924
5767075
7387595
9659862
7979524
9525561
8836103
6968759
6310127
9932571
5633260
9257584
6180135
8563805
6694729
5894901
6434118
4273976
3596155
4161580
4379905
2632103
4681464
4873298
4484907
2355333
3696255
793634
2533662
2087705
880771
2992653
3796001
3499828
4579214
5263902
4776096
1912906
3886369
2728520
2264847
1654705
5522868
3970684
4065995
2902708
967817
2175702
700616
45827
288809
203932
3243125
2446163
5434455
533766
2814639
3412462
1829134
6074071
2003200
452407
3081241
1418185
5354212
7577192
1749764
125013
3330819
7797660
1574404
7718608
8091848
7221048
7874578
8938363
3161879
374286
613595
1127114
8241970
5991784
1334869
5028274
6795194
9017781
5182449
1048685
1500641
9757428
8319126
8465102
8170493
7423238
4955737
6867064
7075647
7499311
5103409
6597425
6526132
8732594
9427354
5732090
7290613
9157491
9561685
8803415
9831229
7143825
5800294
9898760
7005094
9356873
8015093
8391889
9290287
8662037
5600833
9966194
1261547
6348397
6213206
1194610
9090899
6147498
7648409
9696478
9494595
9628819
8869741
6277221
6727047
7951040
9228111
6937787
8596401
5662931
8533008
6665908
5923446
7357465
5863639
4245863
6404899
6461357
4457673
4353729
4299266
3623175
3721938
4187786
4406880
2658493
4653623
4135644
2559200
3570625
4601590
4849489
4508833
769665
4042443
4797992
1680036
1937101
5289100
4706156
2381672
3521827
2606758
3993456
3673327
3863083
3773211
2751237
2286877
991575
3016612
2510868
902472
4557501
3265960
2925566
814547
2969817
4752602
724454
4898174
226863
2331593
2110216
1396388
2241439
3477523
5501492
677915
21953
2425548
2880875
860843
5455514
4088662
1891401
5543002
8262015
2153499
310966
2196728
3948628
2836257
8069093
1727114
1807493
1985211
3816952
2066442
2705680
7896588
5242070
3432888
5047251
4972744
267832
8958490
3102915
2025521
6054423
3182232
7198668
553341
5415673
3060889
7556652
633090
471636
3308110
1849040
66560
5374562
3223130
5333213
8150485
185262
1635148
432276
2466127
1106445
1355521
352068
1480295
1553146
7818067
143849
8337830
5124046
3350189
5161592
947906
6094071
7737018
3907437
7441899
9037265
1593819
7480498
1439575
9178101
512914
6010978
3393768
8997831
6329892
8111645
2794647
9777630
1314992
7595622
9677834
7780017
1067051
8785573
7700193
3141344
6885709
6777263
1766734
8920686
5201690
6507479
596030
6812866
8713827
7855073
392175
8484198
106430
9848647
4937022
7239611
7997402
6987441
7517559
8445927
9579897
6850638
8409194
6579575
1029583
7057704
9409691
7405731
7934410
1517921
9543891
8223777
1146121
5748566
5973224
8643808
6614593
5086101
7306737
1212212
9307399
6542382
9372975
8748347
5011707
5714998
9443655
8189070
7160647
7664929
1278322
9813691
9949955
5783370
5583413
6130857
5816755
9981887
7093410
9740652
7126685
8853791
5879815
9074291
8302344
7275577
9139986
5616721
9107458
6229647
5681427
9477510
9612679
6649610
7022482
5939848
9211951
6711500
6292838
9340415
9916452
9273040
8031674
8819715
9881635
6921768
8579510
6163453
8374049
8677663
6196709
7342269
1178204
7633184
6742902
1244744
8886273
8611297
4229415
8548578
6953378
9644521
7372556
6418410
8518341
9508709
6262144
7965654
9243881
4260445
5648489
5908628
5849146
6362394
6389504
6680405
6475533
4200199
6446759
4340818
4311575
3609749
4667953
4472114
2367845
4614316
4366488
4393554
4286232
4173752
2645889
4811272
9710365
3635908
3733919
4122941
4419275
1667272
2671354
4445190
2546715
4885425
3557150
3709471
4148216
4836902
5276646
3583301
4693278
4029740
4641802
826600
1693496
4522606
2619673
1924284
3760534
756921
2594057
3851914
915385
2499022
4718430
2763623
5301718
4006548
1948709
782400
2571820
980158
4496918
4860865
4765058
3874836
34054
2252372
3511664
713022
3661133
2342501
4053880
7210440
2121053
1973643
5555482
3254699
4546000
2739351
1738059
3960901
2981969
3005038
3685620
564089
214303
4077162
688419
3027810
3466048
4741161
6043296
1386333
3981671
2014480
2298959
2393504
5490288
3533263
2522318
2717625
2913996
8080257
666422
2957418
1468948
5466288
3277983
4982592
3784975
4590350
3319194
644384
2869392
9167276
2230012
2936545
1716437
11190
3422957
2320968
1624686
362685
734618
2276098
1002322
1817893
2100126
2164639
2847283
3827889
1562793
5231009
5252939
4786761
2208732
1902320
277513
322204
4099625
299899
3151545
3443634
7748198
4567366
3092369
2142650
2825122
3937868
8274120
850512
5058827
1407069
7470562
3897575
3361432
3233719
3383149
3487807
891635
421137
1344990
7886384
1429579
2414539
3192564
2892078
804632
2055533
5113535
2695157
4908921
3050324
5512927
482759
2077492
1860556
174676
7769223
237222
8969103
5444577
6103378
76393
936504
5172492
2186160
7545826
7566555
957487
5405188
3806760
1796677
7808418
5343645
56744
8348484
153966
1096327
7864883
2455503
623465
1881102
9008398
2804063
5323442
523205
1117181
1324595
2436192
8101552
3112385
8140252
3070845
1489959
2476565
7605093
1645594
9453113
8160999
258454
5532947
1776753
9787093
543268
1839704
8058781
6020692
134189
7827574
5364145
8948845
5192270
6083992
8252218
9767750
441982
502941
3212305
9046401
5384657
3172673
3340046
585688
2034606
6823203
870884
342659
9027321
3298320
3916926
6767439
1365544
8910864
6319732
4946526
8703469
1039568
6064738
97662
9687038
1137149
7905623
5133327
7432303
8474741
1584242
7451491
5210421
1305907
9381711
6894207
5152305
7925081
8455193
7489517
7188960
1057746
9552703
8845361
7709357
5001953
5037617
8723555
5705469
7049529
1076559
462879
6978718
1603390
7673580
8757836
3402923
194806
6516577
6570184
6803631
7508528
9534299
7691398
8418670
1448586
8328786
8652649
7988721
5672473
8794007
6841753
8180773
7316000
5424871
6001356
7727210
2784515
7230232
7788741
8121103
8776417
8233312
6876557
7624706
9667888
116223
6624123
6702930
8293003
401337
9991043
5757902
6551578
9570942
9857662
6302047
9906898
9731235
1526232
5591977
7397225
6339758
382888
8215700
7169896
8988859
5982948
9203793
9148757
7846166
8436468
6588289
1993882
6786062
9418745
7266898
6498923
7249048
8929052
6221480
9941466
8383006
1545185
7066581
8197795
9316349
7084309
7415387
6996406
9486376
7526148
9890219
7586502
8006437
1203763
9400435
3131968
9186836
1509078
8588407
8493508
1287126
5824703
605165
5791203
9840407
4237384
9748599
5574445
7656857
1221725
5964970
7014008
7941947
5077179
7102169
6859041
7134662
9065944
1758494
9517100
8400823
4929456
6641379
4964608
9823055
8685883
9098784
9281875
7334124
6606457
7152502
5723482
1252567
9805929
9298814
5739889
5094794
6238605
6122828
8861741
8634868
1270282
8039984
7030659
9604704
5608797
8509894
5931882
8811183
5871713
9348994
8023744
7118992
5020132
6914024
6188688
9115647
6171784
6718953
8310366
9957601
5774782
6658421
9365000
1020771
5887175
6534612
5809554
6204750
1186877
9083238
8827918
5624246
9219908
6139254
8878120
7298743
9924659
8367073
5947904
9620832
9435506
1153765
9874439
9587749
6735132
6155916
1169657
6929764
8740404
9131591
8669657
9332826
9636077
9652019
6425862
9265407
6284528
8555654
5688666
8571133
9973469
8619308
7640915
6961768
6254450
8540656
6397270
9236592
6945492
7364682
5640677
1237227
4206841
5841807
6750851
7283554
6269854
7349589
8604019
8525799
7380517
4222069
9469464
4318698
4253196
8893956
6453439
5916419
7958240
5857162
3740525
6688100
9501611
6673622
4464841
4621757
2638799
4333940
7972583
6468175
6368535
4660720
5654874
4266991
9703652
3642572
4674844
4515570
4181395
1687065
4154506
3603120
elapsed time: 2.13021e+06 usec
throughput: 4.69437 mops/sec
Search starts
elapsed time: 2.74468e+06 usec
throughput: 3.64341 mops/sec
Height of tree: 4
utilization of leaf nodes: 63.6988 %
